Time,Open,High,Low,Close,Volume_(BTC),Volume_(Currency),Weighted_Price
00:00:00,11328.5,11328.93,11318.37,11328.93,1.53425598,17367.266143,11319.666581
00:01:00,11331.24,11331.24,11312.07,11312.07,0.10009078,1133.0163465,11319.887271
00:02:00,11315.46,11315.46,11309.0,11313.23,0.10239732,1158.3607006,11312.412283
00:03:00,11309.0,11320.28,11303.05,11313.39,4.49745578,50877.795856,11312.572784
00:04:00,11314.17,11326.3,11314.17,11322.94,2.42956659,27506.785148,11321.683983
00:05:00,11328.61,11333.53,11314.69,11314.69,2.98689906,33842.478049,11330.305233
00:06:00,11314.67,11318.26,11302.41,11302.41,0.68855398,7790.677763,11314.549025
00:07:00,11308.37,11308.37,11288.0,11288.0,16.91701916,191143.75831,11298.902986
00:08:00,11303.12,11309.42,11303.12,11308.23,8.38440811,94820.653273,11309.164825
00:09:00,11311.55,11311.55,11296.74,11296.74,0.70176763,7933.5988267,11305.164969
00:10:00,11294.73,11304.15,11294.19,11297.24,20.37364373,230115.47775,11294.763019
00:11:00,11307.41,11307.41,11297.24,11297.24,0.04982541,562.9617423,11298.687603
00:12:00,11297.24,11297.24,11294.73,11294.73,0.47257501,5338.1996976,11295.983885
00:13:00,11292.61,11301.64,11290.89,11290.89,0.66539342,7515.0171142,11294.095926
00:14:00,11302.16,11307.0,11296.16,11299.41,1.26222764,14271.051082,11306.241941
00:15:00,11303.99,11314.66,11299.46,11308.34,28.04477225,317010.0965,11303.71442
00:16:00,11309.86,11309.86,11304.2,11304.2,3.725,42112.40976,11305.344902
00:17:00,11302.85,11310.62,11296.18,11303.33,2.77590276,31367.441551,11299.906468
00:18:00,11303.62,11303.62,11286.0,11294.52,15.29387903,172658.20868,11289.366703
00:19:00,11302.34,11302.34,11293.62,11296.23,0.04724848,533.76100359,11296.89259
00:20:00,11296.23,11310.62,11296.23,11304.54,5.98917798,67722.215618,11307.43081
00:21:00,11303.3,11303.3,11303.3,11303.3,0.00544194,61.511880402,11303.3
00:22:00,11301.68,11313.97,11301.18,11313.97,1.87151093,21152.748776,11302.498124
00:23:00,11300.97,11300.97,11293.07,11293.07,2.01576682,22779.995802,11300.908208
00:24:00,11293.12,11295.23,11286.0,11286.0,0.43532426,4916.9138575,11294.830795
00:25:00,,,,,,,
00:26:00,11287.76,11294.86,11284.82,11284.82,2.30935571,26064.982366,11286.690159
00:27:00,11280.65,11280.65,11279.63,11279.63,0.01586307,178.9379761,11280.16053
00:28:00,11278.59,11290.73,11278.59,11279.89,0.04506792,508.3780728,11280.264827
00:29:00,11290.73,11300.0,11290.73,11300.0,3.69237561,41703.726065,11294.551386
00:30:00,11294.45,11308.23,11294.45,11308.23,0.32335691,3655.6543317,11305.323061
00:31:00,11295.29,11295.3,11295.29,11295.3,0.02874099,324.63788358,11295.292319
00:32:00,11289.56,11300.44,11278.59,11278.59,6.84161722,77217.393216,11286.424062
00:33:00,11283.26,11283.36,11277.81,11277.81,2.03540541,22963.311843,11281.935152
00:34:00,11268.07,11279.6,11268.07,11279.6,1.03085372,11622.646998,11274.77815
00:35:00,11279.6,11288.82,11279.6,11280.22,1.59339234,17987.151917,11288.589424
00:36:00,11280.13,11281.86,11273.57,11281.86,0.29014403,3272.6899715,11279.535793
00:37:00,11282.83,11282.83,11282.83,11282.83,0.00290365,32.761389329,11282.83
00:38:00,11273.0,11282.34,11273.0,11273.59,0.15360661,1732.7779624,11280.621077
00:39:00,11273.0,11273.0,11266.61,11266.61,0.16790368,1892.226752,11269.71578
00:40:00,11268.22,11268.22,11267.68,11267.68,0.05650947,636.75407407,11268.09496
00:41:00,11276.71,11276.71,11276.71,11276.71,0.1775,2001.616025,11276.71
00:42:00,11267.17,11280.14,11267.17,11273.28,0.13947021,1572.8348097,11277.209733
00:43:00,11287.04,11288.91,11276.52,11276.52,6.01482728,67891.107947,11287.291353
00:44:00,11276.52,11276.52,11269.84,11269.84,0.04652307,524.57499856,11275.588618
00:45:00,11268.34,11268.34,11266.61,11266.61,0.49666842,5595.8529766,11266.7783
00:46:00,11266.61,11270.56,11260.57,11260.57,1.02969034,11599.636195,11265.169483
00:47:00,11260.47,11276.79,11260.47,11276.79,31.00577922,349520.16514,11272.742499
00:48:00,11276.79,11276.79,11264.02,11264.02,1.37325824,15485.819972,11276.69911
00:49:00,11273.89,11280.25,11261.9,11270.03,4.52101769,50979.99739,11276.221613
00:50:00,11261.9,11266.55,11255.61,11255.61,0.65917567,7422.0675258,11259.619952
00:51:00,11255.61,11273.6,11255.0,11273.6,10.42082415,117289.60157,11255.309549
00:52:00,11265.21,11281.29,11265.21,11274.68,0.44323178,4999.6367667,11279.96004
00:53:00,11281.64,11281.64,11274.45,11275.18,0.08913347,1004.9778382,11274.977158
00:54:00,11275.18,11282.97,11272.08,11275.24,0.09746257,1099.3878495,11280.103218
00:55:00,11276.56,11294.11,11276.56,11294.11,0.18929112,2136.9094813,11289.010712
00:56:00,11282.94,11290.81,11280.58,11283.11,0.0720815,813.53729064,11286.353512
00:57:00,11283.11,11283.11,11276.56,11276.56,0.07560148,852.7848616,11280.002212
00:58:00,11276.56,11287.55,11276.56,11277.3,0.94019839,10610.728629,11285.627312
00:59:00,11283.01,11283.01,11283.01,11283.01,0.00529241,59.714314954,11283.01
01:00:00,11282.01,11302.54,11282.01,11294.25,0.077253,872.15681887,11289.617476
01:01:00,11294.25,11307.75,11294.25,11302.43,0.31873019,3603.6723164,11306.341318
01:02:00,11303.89,11305.01,11303.89,11305.01,0.04239444,479.24515837,11304.434222
01:03:00,11304.47,11311.32,11300.52,11300.52,0.12468209,1409.5648969,11305.271646
01:04:00,11297.94,11303.29,11297.41,11303.29,4.99670804,56479.021332,11303.246233
01:05:00,11302.24,11314.22,11299.59,11301.2,2.19808341,24864.355914,11311.834574
01:06:00,11307.13,11308.6,11297.38,11299.61,0.13121958,1483.4186533,11304.857501
01:07:00,11308.8,11321.32,11308.8,11316.99,1.91933825,21723.325573,11318.132993
01:08:00,11316.99,11328.11,11316.99,11320.0,8.10810939,91786.152126,11320.290306
01:09:00,11321.06,11321.06,11319.41,11319.41,0.93849445,10623.807599,11320.05373
01:10:00,11326.75,11327.93,11317.93,11327.93,1.21380653,13748.671809,11326.905457
01:11:00,11320.5,11325.73,11320.0,11320.0,19.21651687,217531.00632,11320.00184
01:12:00,11320.0,11320.0,11306.3,11306.3,11.81726595,133699.97919,11313.951955
01:13:00,11313.06,11321.32,11309.73,11318.47,1.17448866,13287.360357,11313.315155
01:14:00,11317.03,11321.32,11314.55,11314.55,0.04311338,487.95986268,11318.060952
01:15:00,11316.72,11324.52,11315.11,11321.32,1.0409529,11785.104271,11321.457744
01:16:00,11321.32,11321.32,11315.1,11321.32,0.58453246,6617.4271152,11320.889032
01:17:00,11315.0,11325.64,11315.0,11325.64,3.46286261,39184.673357,11315.688137
01:18:00,11315.0,11322.99,11315.0,11322.99,0.11389141,1289.3763463,11321.102674
01:19:00,11322.75,11323.09,11315.0,11316.4,2.30585578,26106.274115,11321.72894
01:20:00,11321.32,11325.24,11315.0,11315.0,13.46294795,152430.93512,11322.2554
01:21:00,11315.0,11315.0,11307.86,11314.38,6.46295855,73128.330042,11314.99289
01:22:00,11314.38,11321.22,11314.38,11321.22,1.17070715,13252.742722,11320.28853
01:23:00,11311.34,11318.79,11309.23,11309.23,0.06073146,687.30399123,11317.099757
01:24:00,11309.23,11316.0,11309.23,11309.23,0.07135533,807.21194928,11312.56697
01:25:00,11309.23,11309.28,11308.43,11309.28,1.66034623,18777.315811,11309.277229
01:26:00,11309.31,11309.9,11309.31,11309.9,2.14971432,24311.842436,11309.336413
01:27:00,11310.11,11321.43,11310.1,11319.83,9.74193285,110244.9316,11316.535773
01:28:00,11322.67,11340.24,11322.67,11340.24,2.40722636,27279.212722,11332.217516
01:29:00,11328.63,11336.97,11327.56,11327.56,0.64411232,7297.6253219,11329.740319
01:30:00,11331.35,11341.71,11331.35,11338.16,0.72819195,8258.2245864,11340.72491
01:31:00,11338.24,11347.64,11338.24,11344.11,1.13373327,12862.837786,11345.559072
01:32:00,11341.77,11348.51,11339.81,11348.51,0.3652617,4143.6071641,11344.214748
01:33:00,11335.97,11335.97,11323.53,11328.78,16.29286079,184561.46467,11327.750666
01:34:00,11326.33,11335.54,11326.33,11327.72,0.04650361,526.83371958,11328.8779
01:35:00,11326.04,11340.06,11326.04,11327.24,4.54353664,51514.490541,11337.971854
01:36:00,11333.46,11333.46,11333.45,11333.45,0.0405302,459.34728141,11333.457062
01:37:00,11334.0,11334.31,11334.0,11334.31,0.01488029,168.65510192,11334.127354
01:38:00,11343.84,11344.62,11334.31,11344.11,2.01014613,22798.966226,11341.94469
01:39:00,11335.23,11345.57,11335.23,11345.57,1.02879488,11671.738046,11345.05845
01:40:00,11345.28,11347.01,11339.49,11347.01,0.21414477,2429.3042345,11344.214638
01:41:00,11338.0,11338.1,11338.0,11338.1,2.00209642,22699.814684,11338.022713
01:42:00,11338.0,11343.73,11334.31,11334.31,13.27219291,150487.71136,11338.571733
01:43:00,11333.37,11334.91,11331.47,11334.91,0.31968853,3623.6094813,11334.812298
01:44:00,11331.47,11341.04,11331.47,11335.8,1.47859375,16767.398935,11340.098614
01:45:00,11341.71,11341.71,11336.32,11336.32,3.39093878,38456.246608,11340.884959
01:46:00,11334.0,11340.59,11334.0,11340.59,0.08948825,1014.6884089,11338.78927
01:47:00,11334.0,11334.0,11327.11,11327.11,10.30055481,116745.3127,11333.885879
01:48:00,11326.18,11330.88,11323.52,11327.7,0.28002658,3171.9797552,11327.423829
01:49:00,11332.68,11341.71,11327.13,11340.39,7.08589351,80350.35126,11339.480497
01:50:00,11341.71,11347.41,11336.34,11347.41,4.91734059,55758.757293,11339.209939
01:51:00,11347.01,11348.31,11338.32,11339.3,0.26134711,2965.6222122,11347.445978
01:52:00,11339.3,11339.3,11339.3,11339.3,0.03814689,432.55902978,11339.3
01:53:00,11339.1,11339.1,11339.1,11339.1,0.00611845,69.377716395,11339.1
01:54:00,11339.13,11345.19,11339.13,11339.13,0.39926974,4529.6035096,11344.720262
01:55:00,11348.21,11348.51,11341.81,11348.51,2.71819339,30847.279484,11348.449157
01:56:00,11342.93,11347.9,11340.24,11341.02,0.09639503,1093.5003078,11343.949037
01:57:00,11348.43,11350.44,11340.24,11350.44,0.89082958,10109.779954,11348.725032
01:58:00,11341.2,11345.4,11336.45,11336.45,10.46882085,118716.95719,11340.050507
01:59:00,11334.72,11336.51,11334.72,11336.18,0.02658172,301.32192189,11335.681886
02:00:00,11339.27,11339.27,11338.61,11338.61,0.03438348,389.87581576,11339.044674
02:01:00,11340.61,11340.61,11340.61,11340.61,0.01414623,160.4268774,11340.61
02:02:00,11339.51,11346.01,11339.41,11346.01,0.49697203,5635.4171064,11339.505578
02:03:00,11336.44,11348.81,11336.44,11348.81,0.06628622,751.78255265,11341.460603
02:04:00,11348.91,11348.91,11345.59,11348.1,1.40783839,15976.411095,11348.185423
02:05:00,11348.0,11358.77,11348.0,11353.5,11.19135168,127019.34826,11349.777211
02:06:00,11358.77,11368.94,11358.5,11368.94,3.17435391,36069.451436,11362.769388
02:07:00,11364.68,11364.68,11357.0,11362.14,0.08451426,960.2473572,11361.956635
02:08:00,11357.34,11375.78,11357.34,11372.53,5.56957266,63308.232274,11366.802471
02:09:00,11361.72,11361.72,11361.72,11361.72,0.02516089,285.87098713,11361.72
02:10:00,11371.45,11371.45,11357.0,11357.0,6.5698138,74643.66204,11361.60998
02:11:00,11357.0,11361.62,11352.59,11352.59,9.48623445,107740.27203,11357.5384
02:12:00,11353.8,11353.8,11351.82,11351.92,0.03285644,373.02126552,11353.063981
02:13:00,11358.14,11358.14,11350.1,11350.1,0.0553569,628.66206747,11356.52588
02:14:00,11354.6,11354.6,11354.6,11354.6,0.02587326,293.780518,11354.6
02:15:00,11352.37,11352.82,11352.37,11352.82,0.02318691,263.2294657,11352.503016
02:16:00,11354.0,11354.0,11352.46,11353.12,0.03443309,390.93747778,11353.540382
02:17:00,11354.0,11354.0,11354.0,11354.0,0.02419043,274.65814222,11354.0
02:18:00,11354.0,11358.28,11348.0,11348.0,6.92507807,78627.362098,11354.00371
02:19:00,11348.31,11355.08,11348.31,11355.08,0.01475908,167.54315746,11351.869999
02:20:00,11357.01,11359.16,11350.7,11358.61,3.30420403,37529.913489,11358.231256
02:21:00,11357.83,11357.83,11348.87,11353.26,0.02808452,318.87226195,11354.022143
02:22:00,11355.1,11359.4,11355.1,11359.4,1.12190818,12744.014039,11359.230877
02:23:00,11360.56,11367.67,11360.0,11360.04,0.28656347,3255.5090101,11360.516433
02:24:00,11360.27,11361.04,11360.21,11360.21,0.47215373,5364.1240776,11360.969398
02:25:00,11364.52,11369.81,11360.0,11361.21,3.6148078,41092.702707,11367.880391
02:26:00,11367.35,11367.35,11360.05,11364.61,1.07965762,12269.451799,11364.206181
02:27:00,11360.0,11360.0,11353.85,11358.79,4.26918783,48495.773811,11359.484694
02:28:00,11354.74,11355.4,11354.74,11355.4,0.03224189,366.10587335,11354.975572
02:29:00,11356.13,11356.13,11351.43,11351.43,0.37125039,4215.8698735,11355.866518
02:30:00,11353.0,11354.49,11349.13,11349.13,0.84688013,9611.9491662,11349.834322
02:31:00,11350.11,11353.36,11350.11,11353.36,0.0166423,188.92537686,11352.11941
02:32:00,11362.14,11367.52,11355.96,11362.0,0.77321216,8787.3172019,11364.690904
02:33:00,11368.95,11373.1,11365.34,11373.1,1.40517306,15975.32917,11368.940684
02:34:00,11366.19,11377.06,11364.01,11366.75,10.03803185,114185.51429,11375.2891
02:35:00,11369.8,11379.56,11369.7,11370.45,7.85274167,89328.745636,11375.485071
02:36:00,11370.45,11380.0,11368.25,11380.0,1.73896312,19787.871188,11379.120673
02:37:00,11380.0,11382.6,11374.13,11377.42,14.8165478,168570.65826,11377.188569
02:38:00,11375.69,11386.44,11374.91,11378.3,1.22706408,13968.804662,11383.924353
02:39:00,11382.6,11382.6,11376.79,11377.4,0.07732999,879.83848776,11377.713714
02:40:00,11382.78,11384.99,11375.18,11378.16,0.445545,5071.2220804,11382.064843
02:41:00,11378.74,11386.15,11378.26,11378.26,3.47528225,39559.025755,11382.967744
02:42:00,11378.16,11378.87,11378.16,11378.87,0.0364304,414.53083409,11378.706632
02:43:00,11382.54,11382.54,11376.71,11376.71,0.09149816,1041.4141524,11381.804316
02:44:00,11376.71,11376.71,11373.62,11375.7,3.44814405,39220.033009,11374.244359
02:45:00,11382.6,11392.35,11378.35,11392.35,8.26559561,94138.175979,11389.158195
02:46:00,11392.35,11399.3,11392.35,11396.58,7.65313775,87229.55529,11397.881253
02:47:00,11394.64,11399.3,11393.38,11393.38,0.59544988,6785.0311894,11394.798147
02:48:00,11394.31,11394.31,11390.56,11391.32,0.95109699,10834.364711,11391.440436
02:49:00,11391.42,11395.13,11391.42,11393.8,3.37464842,38450.949108,11394.06075
02:50:00,11393.02,11400.0,11392.34,11392.34,6.003819,68436.624719,11398.848753
02:51:00,11393.0,11393.0,11390.48,11390.48,0.08468276,964.75596538,11392.590007
02:52:00,11391.06,11391.38,11391.06,11391.38,0.03184877,362.79331778,11391.124925
02:53:00,11390.48,11394.63,11388.52,11394.63,1.07847731,12283.588958,11389.751869
02:54:00,11389.46,11389.68,11389.46,11389.68,0.03163544,360.31185451,11389.500336
02:55:00,11400.0,11408.16,11396.79,11405.27,3.38045172,38546.246955,11402.691163
02:56:00,11397.9,11404.34,11395.58,11402.29,1.0522544,11999.284761,11403.406591
02:57:00,11394.64,11403.1,11394.64,11396.59,0.03232831,368.51152184,11399.034526
02:58:00,11396.49,11405.42,11394.79,11405.42,11.07717018,126316.47458,11403.316237
02:59:00,11403.87,11403.87,11394.21,11394.21,2.02371453,23069.610127,11399.636552
03:00:00,11405.38,11407.73,11393.18,11393.18,5.42731637,61897.046234,11404.724179
03:01:00,11393.18,11393.18,11378.77,11379.88,4.57305895,52057.554201,11383.530099
03:02:00,11377.93,11381.04,11368.95,11378.46,16.67865627,189682.87315,11372.791074
03:03:00,11372.59,11372.59,11360.59,11363.0,8.41870731,95720.700036,11369.999753
03:04:00,11363.01,11365.76,11358.69,11358.69,9.49441832,107888.2614,11363.335569
03:05:00,11361.73,11375.96,11361.73,11366.28,2.13092448,24240.731573,11375.687783
03:06:00,11366.29,11368.15,11366.29,11368.15,0.05168791,587.52427889,11366.764083
03:07:00,11375.53,11375.53,11367.6,11372.76,1.52567459,17350.526579,11372.363866
03:08:00,11366.71,11374.0,11366.7,11374.0,0.16575688,1885.0259252,11372.233389
03:09:00,11371.17,11373.09,11362.14,11362.14,3.9376955,44778.683003,11371.799318
03:10:00,11362.5,11364.85,11362.5,11363.18,0.91585383,10407.031815,11363.201718
03:11:00,11371.89,11371.89,11364.79,11371.89,0.02576319,292.93021643,11370.106591
03:12:00,11364.52,11366.44,11364.52,11366.44,0.12847293,1460.0467418,11364.625543
03:13:00,11366.51,11373.12,11363.41,11364.97,0.95610106,10867.826342,11366.817585
03:14:00,11361.84,11365.76,11359.98,11360.01,0.86847288,9868.5860265,11363.148181
03:15:00,11357.41,11362.06,11356.85,11362.06,6.71750384,76296.038833,11357.796088
03:16:00,11359.95,11366.13,11359.95,11366.13,0.03492504,396.78929904,11361.169494
03:17:00,11366.13,11366.13,11361.76,11361.76,0.02538874,288.52393372,11364.247841
03:18:00,11358.48,11358.81,11348.72,11348.72,9.66826087,109747.8809,11351.35702
03:19:00,11353.87,11362.66,11353.87,11362.66,1.16236034,13207.30441,11362.487135
03:20:00,11356.7,11370.74,11356.7,11357.02,6.15529693,69949.432114,11364.103618
03:21:00,11355.95,11359.21,11355.95,11357.68,22.01199013,250034.59105,11359.017952
03:22:00,11357.74,11363.92,11357.74,11357.93,0.21335385,2424.2835501,11362.736366
03:23:00,11359.03,11364.95,11359.01,11364.95,0.41139061,4675.3661654,11364.785806
03:24:00,11359.0,11359.84,11351.65,11351.79,0.49521051,5624.9289512,11358.662301
03:25:00,11358.79,11358.79,11352.61,11358.31,1.01331008,11509.805487,11358.621329
03:26:00,11349.6,11358.31,11349.6,11358.31,0.07028558,797.92863292,11352.664841
03:27:00,11348.61,11348.61,11343.09,11343.09,0.97418631,11055.108438,11348.04331
03:28:00,11341.73,11347.73,11338.24,11346.08,8.62064316,97787.542591,11343.416121
03:29:00,11338.8,11340.71,11338.8,11340.71,0.01261756,143.07921528,11339.689708
03:30:00,11340.59,11346.79,11340.59,11344.0,1.12170648,12727.539872,11346.58674
03:31:00,11344.0,11347.27,11344.0,11347.27,2.26730294,25727.415906,11347.145303
03:32:00,11347.3,11347.91,11344.0,11347.91,1.98624907,22538.815189,11347.426428
03:33:00,11344.0,11346.45,11344.0,11344.0,0.6488388,7361.3933371,11345.488798
03:34:00,11344.02,11344.02,11344.0,11344.0,0.14893604,1689.5310269,11344.003956
03:35:00,11342.35,11353.15,11340.95,11353.15,6.63078464,75244.703924,11347.782805
03:36:00,11350.09,11354.88,11347.31,11354.88,0.03900652,442.68728421,11349.058676
03:37:00,11342.27,11352.57,11342.27,11350.72,0.03980941,451.60950151,11344.290245
03:38:00,11342.95,11342.95,11342.85,11342.85,0.02932628,332.64414466,11342.86874
03:39:00,11341.9,11344.58,11340.94,11340.94,0.18254781,2070.8421895,11344.108645
03:40:00,11337.77,11340.92,11332.0,11332.0,0.86253866,9780.2305515,11338.889496
03:41:00,11332.0,11332.0,11332.0,11332.0,2.998899,33983.523468,11332.0
03:42:00,11325.01,11325.01,11325.01,11325.01,0.0291791,330.45359929,11325.01
03:43:00,11326.87,11331.22,11326.87,11331.22,0.01926939,218.30785652,11329.25622
03:44:00,11337.28,11337.28,11330.98,11330.98,0.0481157,545.28809765,11332.851806
03:45:00,11336.65,11336.65,11328.55,11329.47,0.06483299,734.76544299,11333.203096
03:46:00,11329.47,11336.65,11327.3,11327.3,0.10155796,1151.0104293,11333.532391
03:47:00,11343.26,11343.47,11338.56,11338.56,0.95591219,10843.213291,11343.315217
03:48:00,11340.8,11350.0,11340.8,11350.0,0.55053784,6248.2502308,11349.356533
03:49:00,11342.38,11345.29,11342.38,11345.29,0.02376979,269.65690847,11344.522121
03:50:00,11345.26,11355.77,11345.26,11355.77,2.4153949,27421.941857,11352.984912
03:51:00,11348.76,11350.14,11348.76,11350.14,0.01572174,178.4295168,11349.221957
03:52:00,11352.15,11352.15,11351.38,11351.38,0.03199721,363.21992961,11351.612519
03:53:00,11352.01,11353.93,11348.02,11350.0,0.15067513,1710.556899,11352.616049
03:54:00,11350.0,11350.0,11350.0,11350.0,0.03186273,361.6419855,11350.0
03:55:00,11354.47,11355.1,11350.0,11354.92,2.22454939,25258.409468,11354.39365
03:56:00,11350.09,11352.5,11350.09,11352.5,0.04265946,484.20263521,11350.416419
03:57:00,11352.8,11360.95,11352.5,11360.95,3.39600699,38581.433237,11360.822681
03:58:00,11352.5,11365.59,11352.5,11365.59,1.08871509,12370.312254,11362.304397
03:59:00,11365.74,11372.54,11363.72,11372.54,1.31327299,14927.124492,11366.353078
04:00:00,11372.54,11380.02,11368.87,11380.02,0.41406749,4709.0745925,11372.722337
04:01:00,11380.02,11380.02,11374.48,11374.48,0.02033302,231.29133202,11375.158831
04:02:00,11373.84,11373.84,11369.52,11369.81,0.13146129,1494.8366862,11370.926652
04:03:00,11366.37,11366.37,11357.97,11357.97,0.16966861,1927.6509958,11361.270631
04:04:00,11363.14,11369.6,11358.22,11360.02,0.77796603,8841.8383989,11365.327094
04:05:00,11360.5,11369.64,11360.5,11361.26,1.43433971,16296.792326,11361.877672
04:06:00,11361.26,11371.13,11361.26,11363.78,0.52182212,5928.6802497,11361.496614
04:07:00,11368.77,11368.77,11366.01,11366.01,0.01571353,178.62334337,11367.486706
04:08:00,11367.56,11378.67,11367.56,11378.67,1.16233965,13213.85549,11368.325506
04:09:00,11378.67,11380.02,11375.0,11380.02,0.92445875,10517.23302,11376.638515
04:10:00,11391.96,11391.96,11381.25,11389.43,0.09984148,1136.8499381,11386.549339
04:11:00,11384.41,11392.45,11384.41,11390.93,0.11125738,1267.4021712,11391.62338
04:12:00,11389.98,11396.26,11389.98,11396.26,0.12403508,1413.3083515,11394.424477
04:13:00,11392.0,11393.42,11392.0,11393.42,0.01694979,193.10030669,11392.489623
04:14:00,11392.7,11396.13,11385.76,11390.57,3.00502844,34234.445453,11392.386507
04:15:00,11385.76,11387.07,11384.74,11387.07,0.04089867,465.66281812,11385.769222
04:16:00,11389.62,11390.18,11387.56,11388.12,4.0750465,46410.243066,11388.886744
04:17:00,11390.23,11397.86,11388.12,11390.23,0.44410879,5058.5528301,11390.346113
04:18:00,11390.23,11396.26,11386.72,11388.64,1.86867985,21292.893802,11394.6184
04:19:00,11389.09,11389.09,11382.83,11382.83,0.05593909,636.97990182,11387.026529
04:20:00,11380.98,11393.43,11380.98,11385.96,2.20066336,25070.515722,11392.253889
04:21:00,11382.74,11392.75,11382.19,11392.75,0.93142016,10606.763921,11387.732816
04:22:00,11382.89,11395.6,11378.56,11395.6,1.86574676,21240.646828,11384.528321
04:23:00,11392.47,11392.85,11385.1,11385.1,0.78096205,8897.1216267,11392.51469
04:24:00,11383.81,11383.81,11383.81,11383.81,0.03584336,408.034,11383.81
04:25:00,11384.67,11387.6,11384.67,11387.59,0.02460103,280.12804758,11386.842241
04:26:00,11387.59,11400.41,11387.59,11396.26,12.24791259,139613.09142,11398.929442
04:27:00,11391.36,11392.84,11388.23,11388.23,0.04601764,524.20572068,11391.408179
04:28:00,11392.84,11392.85,11386.99,11392.49,0.46328163,5277.7890688,11392.182912
04:29:00,11390.95,11393.15,11379.92,11379.92,0.4467552,5089.2313058,11391.543525
04:30:00,11378.25,11386.19,11378.15,11386.19,0.07519591,855.63348099,11378.72367
04:31:00,11379.57,11379.57,11377.0,11377.0,0.02546965,289.81960805,11379.018088
04:32:00,11375.78,11375.78,11369.72,11369.72,0.55817883,6349.0794682,11374.63323
04:33:00,11370.12,11372.71,11358.39,11365.14,5.15125648,58563.080232,11368.698192
04:34:00,11359.29,11370.44,11359.29,11367.69,2.55664582,29067.122259,11369.240914
04:35:00,11360.1,11373.11,11357.85,11357.85,5.04497359,57369.70419,11371.655999
04:36:00,11367.44,11367.44,11350.0,11350.0,43.12516948,489489.48317,11350.436162
04:37:00,11349.99,11359.91,11348.12,11350.76,18.37468476,208555.84053,11350.172439
04:38:00,11362.08,11363.3,11352.51,11363.3,0.34413999,3909.9028657,11361.373218
04:39:00,11352.7,11352.7,11351.7,11351.7,0.60416457,6858.3015201,11351.710876
04:40:00,11350.0,11350.0,11345.71,11345.71,33.21564796,376995.97882,11349.951061
04:41:00,11345.84,11350.0,11345.15,11350.0,5.81907801,66035.954878,11348.181751
04:42:00,11350.0,11358.52,11347.15,11358.52,14.4086527,163541.16486,11350.205204
04:43:00,11351.41,11353.41,11351.41,11353.41,0.01913729,217.24992224,11352.177985
04:44:00,11355.49,11355.49,11355.49,11355.49,0.02496968,283.54295154,11355.49
04:45:00,11356.11,11363.1,11355.3,11355.3,1.36988838,15563.256044,11360.966536
04:46:00,11353.46,11358.25,11348.66,11358.25,0.33784437,3837.0235866,11357.370219
04:47:00,11348.17,11354.52,11345.6,11351.89,4.54194623,51538.573224,11347.244246
04:48:00,11346.29,11347.48,11346.29,11347.48,0.01980213,224.69831063,11347.178845
04:49:00,11346.18,11350.0,11346.18,11350.0,3.93237128,44632.353021,11349.984486
04:50:00,11350.0,11350.0,11348.57,11350.0,13.95895689,158433.90845,11349.981929
04:51:00,11350.0,11350.0,11348.61,11350.0,0.45169694,5126.7434502,11349.962765
04:52:00,11347.86,11350.0,11345.71,11350.0,3.67293069,41684.637409,11349.14893
04:53:00,11350.0,11350.0,11343.53,11349.91,1.4151011,16060.263693,11349.198791
04:54:00,11349.91,11359.04,11349.91,11359.04,15.41641111,174977.96443,11350.110164
04:55:00,11357.6,11359.08,11351.19,11351.19,1.97780017,22465.64879,11358.907301
04:56:00,11351.19,11360.0,11351.19,11360.0,0.46575178,5290.3484919,11358.729519
04:57:00,11358.67,11360.0,11351.21,11358.87,2.2701598,25779.36638,11355.749661
04:58:00,11351.47,11351.47,11351.47,11351.47,0.0286128,324.79734082,11351.47
04:59:00,11348.74,11356.55,11348.74,11356.55,0.08823533,1001.7112285,11352.722639
05:00:00,11349.57,11350.58,11349.57,11350.58,5.02833884,57072.263535,11350.122844
05:01:00,11351.61,11360.0,11351.61,11354.31,2.67159422,30349.087454,11359.916572
05:02:00,11360.0,11366.65,11360.0,11366.65,6.38345313,72516.18914,11360.025313
05:03:00,11369.86,11370.54,11369.86,11370.54,0.01899772,216.01062765,11370.344844
05:04:00,11378.48,11378.48,11370.55,11373.97,0.87205889,9922.5754295,11378.331834
05:05:00,11378.48,11383.46,11371.91,11372.6,2.26367769,25763.095789,11381.079516
05:06:00,11374.11,11382.89,11374.11,11382.89,0.05245944,596.9448375,11379.169078
05:07:00,11384.09,11384.09,11374.74,11375.3,0.46455421,5287.9905154,11382.935299
05:08:00,11371.11,11379.73,11371.11,11371.11,0.14302279,1627.2410039,11377.494481
05:09:00,11383.16,11383.16,11375.89,11383.16,0.16743224,1905.8166701,11382.614663
05:10:00,11384.0,11384.0,11375.88,11375.88,0.1291667,1470.2328051,11382.444586
05:11:00,11375.88,11384.0,11375.88,11377.58,2.3291147,26499.597804,11377.540919
05:12:00,11384.0,11384.0,11372.45,11380.96,1.32050374,15030.148263,11382.132294
05:13:00,11380.09,11387.79,11375.11,11377.83,7.4903812,85261.02699,11382.735366
05:14:00,11377.83,11380.56,11377.83,11380.0,0.07721946,878.69925064,11379.24625
05:15:00,11389.53,11389.53,11380.56,11380.56,0.02070127,235.62926261,11382.357827
05:16:00,11386.31,11386.31,11380.28,11380.28,0.08858365,1008.3614015,11383.154809
05:17:00,11382.11,11382.11,11382.11,11382.11,0.11207725,1275.675588,11382.11
05:18:00,11382.11,11382.71,11382.11,11382.71,0.0617682,703.08519536,11382.640183
05:19:00,11391.18,11391.18,11382.7,11383.37,0.1247295,1420.6150084,11389.567091
05:20:00,11382.11,11387.68,11380.56,11380.56,1.76063079,20044.43875,11384.8053
05:21:00,11380.0,11380.0,11375.5,11375.5,0.37173135,4230.2339816,11379.81497
05:22:00,11381.1,11381.1,11372.0,11376.98,0.92947192,10575.009453,11377.438334
05:23:00,11376.98,11376.98,11364.5,11370.89,0.41925087,4768.8739713,11374.750329
05:24:00,11370.44,11370.93,11363.65,11363.65,0.05615933,638.37175441,11367.154031
05:25:00,11363.63,11373.77,11363.5,11373.77,0.29899501,3400.3770396,11372.688259
05:26:00,11366.39,11376.19,11366.39,11367.63,0.12708345,1445.4215957,11373.798836
05:27:00,11379.18,11380.62,11370.91,11371.92,0.12481795,1420.3370165,11379.268899
05:28:00,11371.92,11379.88,11369.78,11377.41,1.00798719,11468.920822,11378.042237
05:29:00,11376.97,11379.19,11371.56,11379.19,1.67658961,19076.913461,11378.403723
05:30:00,11378.92,11379.1,11371.86,11375.0,0.64922614,7386.6838624,11377.674753
05:31:00,11374.84,11374.84,11369.07,11369.07,0.06738063,766.33205911,11373.18038
05:32:00,11374.57,11374.57,11368.07,11368.07,0.04573789,519.98553005,11368.813254
05:33:00,11369.02,11369.02,11368.52,11368.52,1.10610083,12575.279278,11369.017125
05:34:00,11375.0,11379.02,11368.52,11376.48,3.86637055,43986.176354,11376.606506
05:35:00,11376.34,11377.04,11368.52,11370.36,2.45957356,27979.780801,11375.866637
05:36:00,11371.52,11386.46,11371.52,11386.46,1.14729195,13059.444474,11382.843289
05:37:00,11380.6,11388.92,11377.07,11388.92,1.47695117,16817.268873,11386.47588
05:38:00,11378.84,11388.93,11378.84,11380.09,0.06055827,689.25218009,11381.635904
05:39:00,11383.8,11386.23,11380.09,11382.88,0.52773037,6008.236704,11385.050104
05:40:00,11383.02,11393.81,11383.02,11393.81,1.2955169,14756.647373,11390.547952
05:41:00,11388.04,11388.04,11387.27,11387.37,0.0250219,284.94100458,11387.664589
05:42:00,11393.26,11397.84,11389.59,11397.84,0.87228116,9940.8310613,11396.361079
05:43:00,11396.32,11396.32,11386.25,11386.25,0.39572311,4508.3835241,11392.772901
05:44:00,11392.07,11392.07,11386.0,11386.0,0.22211083,2530.1135299,11391.220905
05:45:00,11392.07,11392.07,11386.03,11386.03,0.22018404,2508.1764379,11391.272673
05:46:00,11386.03,11391.68,11378.13,11385.89,6.46265854,73579.541552,11385.336405
05:47:00,11378.65,11385.32,11375.52,11375.52,1.77561906,20214.386877,11384.416473
05:48:00,11376.83,11385.3,11376.83,11381.98,0.65833777,7494.6316764,11384.173927
05:49:00,11373.79,11381.95,11371.97,11372.28,1.1907542,13543.801219,11374.136844
05:50:00,11372.28,11378.42,11369.33,11374.07,2.68720048,30572.559231,11377.103963
05:51:00,11376.31,11376.31,11368.95,11368.95,1.14059262,12969.841617,11371.142851
05:52:00,11367.47,11376.27,11365.63,11374.34,5.10864354,58082.16317,11369.390468
05:53:00,11367.96,11376.07,11363.1,11371.58,1.81604516,20651.426606,11371.648162
05:54:00,11363.1,11370.87,11363.1,11370.87,0.8929623,10153.65104,11370.749963
05:55:00,11363.66,11371.5,11362.11,11362.11,1.85245585,21058.628791,11367.951787
05:56:00,11362.21,11370.41,11362.11,11370.41,0.2228059,2532.9439049,11368.387933
05:57:00,11363.0,11363.0,11363.0,11363.0,0.013176,149.718888,11363.0
05:58:00,11371.2,11372.4,11363.05,11363.05,1.05751889,12025.331362,11371.268614
05:59:00,11360.09,11367.0,11360.09,11367.0,0.36180088,4112.5240044,11366.815925
06:00:00,11363.62,11367.66,11363.62,11367.66,0.03712266,421.95848998,11366.601692
06:01:00,11367.0,11367.0,11362.86,11362.86,0.21331094,2424.6503477,11366.741657
06:02:00,11362.3,11362.3,11360.55,11360.55,0.02266681,257.50808864,11360.57913
06:03:00,11359.06,11359.06,11351.0,11351.0,1.03452546,11751.03863,11358.868471
06:04:00,11351.0,11354.0,11347.83,11349.99,0.25125478,2852.480081,11352.938563
06:05:00,11349.99,11350.0,11346.67,11346.67,25.12444623,285162.36327,11349.995962
06:06:00,11346.05,11350.0,11337.05,11350.0,36.01461878,408650.3558,11346.791099
06:07:00,11350.0,11350.0,11343.11,11343.11,7.66738017,87014.64212,11348.679756
06:08:00,11349.41,11349.41,11339.44,11339.9,8.0687806,91522.275001,11342.76411
06:09:00,11335.78,11339.67,11328.21,11333.21,5.35201304,60659.793282,11334.014478
06:10:00,11338.65,11348.02,11338.65,11343.19,0.71295183,8084.5852448,11339.595334
06:11:00,11337.66,11347.98,11337.66,11347.98,1.45474017,16507.739374,11347.551758
06:12:00,11347.98,11347.98,11339.67,11339.67,0.60691322,6886.9576891,11347.516353
06:13:00,11348.11,11348.11,11336.4,11336.66,1.33904908,15192.346039,11345.622999
06:14:00,11340.0,11340.0,11334.0,11334.33,3.24650616,36814.453424,11339.714638
06:15:00,11339.86,11343.34,11335.28,11336.53,8.78138994,99584.17679,11340.3661
06:16:00,11345.0,11350.0,11341.31,11350.0,7.91665823,89828.848623,11346.814023
06:17:00,11350.0,11350.0,11340.0,11340.0,5.88518394,66771.635855,11345.717744
06:18:00,11340.0,11340.0,11336.69,11336.69,3.56039359,40374.773807,11339.974861
06:19:00,11339.5,11339.98,11339.5,11339.98,0.47505132,5386.8745458,11339.563367
06:20:00,11332.84,11340.0,11328.0,11340.0,54.84693401,621383.72719,11329.415917
06:21:00,11340.0,11340.0,11335.0,11338.97,1.11269059,12616.180577,11338.444569
06:22:00,11336.0,11340.0,11328.56,11340.0,12.44824628,141145.09191,11338.552334
06:23:00,11340.0,11356.47,11339.28,11356.47,19.60933374,222491.67031,11346.212638
06:24:00,11349.18,11350.0,11346.8,11346.99,9.78701199,111082.47043,11349.988183
06:25:00,11344.3,11348.51,11344.29,11348.51,11.13797976,126373.38578,11346.167663
06:26:00,11344.29,11347.65,11333.73,11347.25,22.53715615,255495.45993,11336.632636
06:27:00,11337.27,11337.27,11337.27,11337.27,0.00666222,75.531386939,11337.27
06:28:00,11337.27,11347.52,11335.27,11335.27,5.61973972,63756.523369,11345.102539
06:29:00,11335.27,11338.4,11325.0,11325.0,58.04286416,657356.50999,11325.363066
06:30:00,11325.0,11330.0,11325.0,11330.0,47.55007666,538527.67273,11325.484848
06:31:00,11330.0,11337.82,11330.0,11335.0,17.84550717,202206.4924,11330.946802
06:32:00,11332.12,11336.68,11321.57,11325.63,3.33380788,37762.722051,11327.204029
06:33:00,11321.56,11329.58,11311.93,11323.17,58.51355555,662156.19816,11316.287174
06:34:00,11322.6,11329.41,11312.31,11329.41,21.10915199,238957.64882,11320.097034
06:35:00,11329.39,11329.99,11327.56,11329.92,3.74067262,42374.393737,11328.014515
06:36:00,11322.86,11330.0,11322.86,11330.0,2.62802946,29773.61055,11329.252964
06:37:00,11330.0,11330.0,11322.97,11322.97,0.62544987,7085.6696093,11328.916911
06:38:00,11322.66,11327.43,11321.47,11321.47,0.62339908,7061.4238733,11327.292741
06:39:00,11327.43,11327.43,11321.47,11325.31,0.14009429,1586.7917668,11326.598442
06:40:00,11314.81,11320.0,11311.48,11320.0,0.45600935,5161.6310432,11319.134231
06:41:00,11319.96,11319.96,11307.75,11307.75,1.01442047,11482.932316,11319.696965
06:42:00,11317.14,11320.0,11307.75,11307.75,0.51699526,5851.0836695,11317.480299
06:43:00,11316.74,11316.74,11294.0,11300.0,71.83049241,811695.51043,11300.152389
06:44:00,11300.0,11330.0,11298.8,11319.52,49.84040786,563432.24215,11304.727757
06:45:00,11321.32,11321.63,11321.32,11321.55,0.04537324,513.69165445,11321.467333
06:46:00,11321.51,11322.31,11321.51,11322.31,0.15615886,1768.0631932,11322.208636
06:47:00,11328.11,11330.0,11328.11,11330.0,6.57860426,74534.815261,11329.882801
06:48:00,11330.0,11330.0,11323.2,11330.0,5.53493695,62699.213818,11327.900279
06:49:00,11330.0,11330.0,11325.33,11330.0,1.0681483,12102.091526,11329.973119
06:50:00,11330.0,11330.0,11326.97,11330.0,3.28238223,37183.299632,11328.144325
06:51:00,11330.0,11341.14,11329.98,11330.18,8.82612705,100063.01942,11337.137892
06:52:00,11335.45,11336.4,11329.35,11330.12,3.368124,38165.409447,11331.355214
06:53:00,11333.45,11335.0,11333.45,11335.0,0.47155671,5344.6743949,11334.107397
06:54:00,11330.0,11336.0,11330.0,11330.76,5.96351521,67579.827134,11332.213427
06:55:00,11330.88,11330.88,11330.88,11330.88,0.00501476,56.821643789,11330.88
06:56:00,11338.18,11338.2,11334.98,11338.2,1.386,15713.330673,11337.179417
06:57:00,11331.13,11335.52,11331.13,11335.52,0.21456265,2432.1524884,11335.395459
06:58:00,11334.77,11339.54,11332.85,11332.85,4.84248062,54885.345233,11334.138335
06:59:00,11330.0,11330.0,11325.29,11326.46,2.595363,29394.404496,11325.739211
07:00:00,11326.4,11328.55,11325.33,11328.55,0.10497393,1188.8753859,11325.434666
07:01:00,11327.92,11327.92,11321.85,11324.78,0.07752708,878.06633105,11325.930643
07:02:00,11320.0,11320.0,11320.0,11320.0,0.55570378,6290.5667896,11320.0
07:03:00,11320.0,11320.86,11312.52,11314.18,0.93660779,10597.30774,11314.562886
07:04:00,11314.18,11322.63,11309.67,11316.74,3.07300275,34777.647604,11317.154729
07:05:00,11308.95,11308.95,11300.6,11300.6,3.96085085,44767.031912,11302.377597
07:06:00,11310.0,11310.65,11310.0,11310.65,0.29841738,3375.1992024,11310.330526
07:07:00,11310.64,11310.65,11305.8,11308.5,0.65011828,7352.7253763,11309.827154
07:08:00,11308.5,11312.07,11300.14,11312.07,1.45753523,16478.902306,11306.006172
07:09:00,11303.87,11310.75,11303.87,11306.1,0.1998473,2259.8808125,11308.037749
07:10:00,11304.01,11304.01,11301.67,11302.01,0.01879618,212.44816742,11302.731056
07:11:00,11313.61,11313.61,11304.76,11305.35,1.15090984,13012.125264,11305.946662
07:12:00,11317.91,11317.91,11309.59,11309.59,0.19053623,2156.3534112,11317.288115
07:13:00,11318.33,11318.33,11318.33,11318.33,0.461,5217.75013,11318.33
07:14:00,,,,,,,
07:15:00,11318.33,11318.33,11313.53,11313.53,0.42385915,4796.9619407,11317.349031
07:16:00,11316.05,11316.05,11316.05,11316.05,1.44992187,16407.388377,11316.05
07:17:00,11316.05,11328.11,11316.05,11328.11,0.68726978,7784.4883732,11326.685095
07:18:00,11334.91,11344.82,11334.91,11344.82,0.96292973,10917.765771,11338.071129
07:19:00,11337.4,11337.4,11333.48,11335.9,0.28830513,3268.3988089,11336.596088
07:20:00,11341.6,11341.6,11334.95,11334.95,0.33503627,3798.1615176,11336.56818
07:21:00,11338.3,11341.71,11334.97,11336.0,0.72756473,8250.4752575,11339.850487
07:22:00,11337.09,11341.71,11335.55,11335.55,1.21383621,13764.016414,11339.269912
07:23:00,11338.07,11343.28,11337.7,11340.05,3.55404281,40308.868743,11341.694768
07:24:00,11335.61,11340.0,11331.72,11340.0,0.50997419,5782.3009049,11338.418725
07:25:00,11339.49,11339.49,11337.06,11337.63,0.17854844,2024.5031989,11338.67761
07:26:00,11337.06,11339.65,11333.94,11337.0,0.45547777,5163.9114776,11337.351277
07:27:00,11332.85,11338.2,11330.69,11338.2,1.29630654,14695.779653,11336.654718
07:28:00,11332.06,11332.06,11332.06,11332.06,0.018243,206.73077058,11332.06
07:29:00,11338.07,11338.2,11329.73,11338.18,2.2082268,25024.809551,11332.535929
07:30:00,11338.2,11348.51,11338.2,11348.51,2.68044931,30400.04357,11341.39842
07:31:00,11348.51,11355.31,11348.0,11355.31,2.1845151,24796.905199,11351.217119
07:32:00,11349.66,11355.32,11349.66,11349.66,0.64887483,7365.4863566,11351.166691
07:33:00,11348.92,11348.92,11348.92,11348.92,0.042,476.65464,11348.92
07:34:00,11348.92,11355.0,11348.92,11355.0,0.09057104,1028.1388473,11351.739444
07:35:00,11355.32,11360.0,11351.64,11351.64,9.17494017,104203.97746,11357.455801
07:36:00,11350.07,11358.3,11350.07,11358.3,0.06790005,770.72183739,11350.828717
07:37:00,11351.03,11355.74,11351.03,11355.74,0.20145555,2286.8243374,11351.508248
07:38:00,11349.19,11349.19,11349.19,11349.19,0.04717316,535.37715574,11349.19
07:39:00,11347.69,11353.63,11347.69,11353.63,0.01440609,163.52529447,11351.122648
07:40:00,11347.31,11352.54,11346.89,11351.8,0.21987391,2495.2084699,11348.360839
07:41:00,11350.65,11357.28,11348.73,11357.28,1.88764045,21431.807312,11353.755061
07:42:00,11349.59,11357.78,11349.59,11357.78,0.0740014,839.91792638,11350.027518
07:43:00,11357.84,11360.0,11357.84,11360.0,2.83975888,32257.924782,11359.388647
07:44:00,11359.99,11360.0,11359.11,11360.0,7.05404059,80133.201698,11359.900851
07:45:00,11360.0,11360.0,11356.6,11360.0,2.41676343,27452.569215,11359.22899
07:46:00,11358.51,11360.0,11358.2,11360.0,0.87981168,9994.5815623,11359.910069
07:47:00,11358.12,11360.0,11358.12,11360.0,0.52276408,5937.7708688,11358.414046
07:48:00,11356.32,11359.73,11356.32,11358.97,1.10094788,12505.820984,11359.139893
07:49:00,11358.97,11358.97,11355.91,11358.97,0.10853945,1232.8809884,11358.828412
07:50:00,11356.79,11358.97,11356.79,11358.97,4.69397228,53318.56022,11358.942286
07:51:00,11358.97,11360.0,11355.57,11355.57,8.51920564,96767.632362,11358.76236
07:52:00,11354.65,11357.8,11351.53,11357.8,25.74633529,292412.22879,11357.431087
07:53:00,11350.21,11355.32,11350.21,11350.84,0.35369184,4014.7489212,11350.979772
07:54:00,11351.14,11356.8,11351.14,11356.8,3.08754087,35059.773341,11355.241863
07:55:00,11354.48,11354.48,11354.48,11354.48,0.45616156,5179.4773098,11354.48
07:56:00,11352.85,11358.05,11351.88,11354.46,2.18712819,24838.290124,11356.577195
07:57:00,11352.85,11355.3,11350.53,11355.3,0.27439802,3114.642368,11350.819397
07:58:00,11350.53,11354.63,11346.99,11347.68,0.15984014,1814.4719392,11351.791479
07:59:00,11347.68,11347.68,11344.9,11344.9,1.016,11529.1984,11347.63622
08:00:00,11343.39,11360.0,11343.39,11360.0,23.30224498,264555.79496,11353.232068
08:01:00,11357.11,11360.0,11356.84,11360.0,3.76324758,42745.233259,11358.60247
08:02:00,11360.0,11360.0,11356.59,11358.47,3.99203935,45347.922231,11359.587984
08:03:00,11360.0,11360.0,11354.53,11354.53,0.66616846,7564.5783392,11355.353478
08:04:00,11353.03,11360.0,11352.56,11359.33,3.22990086,36689.510851,11359.330345
08:05:00,11353.63,11365.51,11353.63,11365.27,4.62176294,52518.741531,11363.356843
08:06:00,11359.57,11368.38,11359.56,11367.9,1.42766768,16229.636135,11367.936924
08:07:00,11359.27,11366.69,11359.27,11366.69,0.03363403,382.12252448,11361.187597
08:08:00,11360.63,11367.47,11359.7,11360.08,1.35775243,15425.860865,11361.320757
08:09:00,11357.89,11357.89,11352.21,11352.21,1.42711966,16205.172214,11355.160095
08:10:00,11352.22,11356.87,11351.34,11356.87,0.07403732,840.52916028,11352.776684
08:11:00,,,,,,,
08:12:00,11346.72,11353.17,11345.01,11353.17,1.0719327,12169.487047,11352.84617
08:13:00,,,,,,,
08:14:00,11348.32,11362.14,11348.32,11362.14,0.07128347,809.22944914,11352.273523
08:15:00,11362.14,11369.18,11357.49,11369.18,6.48218937,73679.813356,11366.501216
08:16:00,11359.92,11375.78,11359.92,11368.26,5.63765905,64102.700446,11370.44647
08:17:00,11370.56,11370.56,11370.56,11370.56,0.55945693,6361.33859,11370.56
08:18:00,11366.37,11367.68,11366.37,11367.68,0.07990907,908.30669814,11366.753463
08:19:00,11372.36,11375.78,11372.36,11372.36,1.79666297,20435.522346,11374.154579
08:20:00,11370.0,11378.12,11370.0,11370.0,13.63834398,155102.9525,11372.564933
08:21:00,11370.0,11372.0,11370.0,11370.0,2.43849453,27727.4435,11370.722041
08:22:00,11370.0,11370.0,11361.58,11361.58,2.57910761,29317.996239,11367.49631
08:23:00,11363.0,11363.0,11363.0,11363.0,0.00537679,61.09646477,11363.0
08:24:00,11363.0,11364.83,11363.0,11364.83,0.06879437,781.74290689,11363.47214
08:25:00,11363.0,11364.83,11354.5,11354.5,2.95380431,33559.940903,11361.599274
08:26:00,11351.38,11355.57,11349.53,11355.57,0.59927482,6804.1707446,11354.007406
08:27:00,11353.29,11356.0,11353.29,11356.0,3.34641035,38000.640825,11355.642868
08:28:00,11349.73,11350.77,11349.73,11350.77,0.05167191,586.48005929,11350.075104
08:29:00,11350.62,11350.62,11350.62,11350.62,0.00835442,94.82784674,11350.62
08:30:00,11350.44,11355.89,11350.44,11352.71,0.33891898,3847.6495309,11352.711881
08:31:00,11355.89,11358.18,11355.89,11358.18,0.461066,5236.5993521,11357.591651
08:32:00,11351.03,11351.13,11351.03,11351.13,0.05812531,659.78469849,11351.074059
08:33:00,11350.44,11350.95,11339.44,11346.95,4.41665145,50101.380387,11343.747849
08:34:00,11343.75,11345.3,11339.39,11339.92,1.25229861,14207.046881,11344.775733
08:35:00,11338.82,11346.99,11335.7,11346.99,3.75398684,42592.972143,11346.063254
08:36:00,11341.02,11341.02,11335.86,11337.38,0.32313543,3664.3987388,11340.132955
08:37:00,11339.34,11339.42,11336.22,11339.42,0.5505046,6242.2450313,11339.133281
08:38:00,11337.25,11340.62,11333.18,11333.5,0.24702042,2800.008908,11335.131355
08:39:00,11344.23,11344.23,11336.32,11336.32,0.0281923,319.61427543,11336.9351
08:40:00,11333.47,11333.47,11329.75,11331.95,0.98280748,11136.018287,11330.8237
08:41:00,11330.32,11342.59,11330.32,11342.59,1.06403071,12056.224914,11330.711417
08:42:00,11334.64,11341.03,11333.55,11333.89,0.33157292,3759.8938077,11339.568405
08:43:00,11342.5,11342.5,11331.49,11334.56,0.88919085,10077.720546,11333.585524
08:44:00,11339.76,11339.76,11331.49,11331.49,0.52634918,5966.1097769,11334.889468
08:45:00,,,,,,,
08:46:00,11330.66,11340.09,11330.66,11339.53,1.15106871,13052.32225,11339.307668
08:47:00,11339.53,11339.53,11330.66,11330.66,0.02605653,295.43515676,11338.238697
08:48:00,11330.66,11339.45,11330.66,11339.45,0.43624394,4946.3427827,11338.479069
08:49:00,11333.55,11350.0,11333.55,11350.0,0.25537187,2897.3270433,11345.521507
08:50:00,11349.31,11353.12,11344.83,11345.7,4.44725533,50486.63346,11352.312767
08:51:00,,,,,,,
08:52:00,11349.75,11357.81,11349.75,11357.81,0.11155779,1266.7115537,11354.756613
08:53:00,11355.9,11359.11,11353.17,11353.17,0.42877299,4869.731133,11357.364495
08:54:00,11357.39,11357.39,11352.0,11352.0,0.41231237,4682.4393612,11356.533788
08:55:00,11355.5,11357.39,11352.0,11357.39,0.32474204,3686.6456219,11352.53576
08:56:00,11354.0,11362.88,11350.01,11362.88,1.49440428,16969.971964,11355.676768
08:57:00,11359.6,11359.6,11359.6,11359.6,0.08756165,994.66531934,11359.6
08:58:00,11357.51,11357.53,11357.51,11357.53,0.0586736,666.38665474,11357.521181
08:59:00,11357.53,11368.85,11357.51,11368.85,0.99093072,11256.389305,11359.410984
09:00:00,11367.67,11368.95,11361.05,11361.05,1.29015296,14664.61011,11366.567038
09:01:00,11366.64,11366.64,11366.64,11366.64,0.354498,4029.4511467,11366.64
09:02:00,11361.47,11364.75,11358.65,11364.75,0.49998818,5681.7076931,11363.684024
09:03:00,11358.76,11358.76,11358.76,11358.76,0.01174307,133.38671379,11358.76
09:04:00,11358.76,11358.76,11354.58,11355.65,0.36575525,4153.3373868,11355.509967
09:05:00,11368.31,11370.36,11360.8,11360.8,2.7641865,31426.25478,11369.079033
09:06:00,11360.99,11367.99,11359.3,11361.08,0.09269554,1053.3378426,11363.414492
09:07:00,11362.84,11375.21,11362.84,11364.0,0.01213469,137.94535998,11367.852
09:08:00,11363.99,11367.63,11363.99,11367.63,0.04724069,536.90411619,11365.289461
09:09:00,11375.77,11375.77,11375.77,11375.77,0.0089,101.244353,11375.77
09:10:00,11374.78,11377.2,11371.34,11374.7,2.46040761,27985.443574,11374.311907
09:11:00,11372.75,11372.75,11372.75,11372.75,0.433,4924.40075,11372.75
09:12:00,11372.75,11375.68,11364.93,11365.45,0.41473568,4716.9070219,11373.28484
09:13:00,11365.14,11365.14,11365.14,11365.14,0.00646495,73.475061843,11365.14
09:14:00,11365.14,11365.14,11364.72,11364.72,0.16310724,1853.6805699,11364.796375
09:15:00,11364.72,11364.72,11364.58,11364.58,0.86176689,9793.6871901,11364.659404
09:16:00,11363.34,11364.72,11363.04,11364.72,0.90446724,10278.950368,11364.646405
09:17:00,11363.04,11375.78,11360.47,11375.78,1.2730902,14472.656237,11368.131054
09:18:00,11368.82,11368.82,11368.82,11368.82,0.97607182,11096.784829,11368.82
09:19:00,11375.78,11375.78,11365.85,11375.61,0.80347823,9133.9768126,11368.045171
09:20:00,11368.18,11375.78,11366.99,11366.99,2.75791751,31372.857468,11375.560492
09:21:00,11373.64,11373.75,11367.87,11367.87,0.09773467,1111.564712,11373.289663
09:22:00,11367.38,11371.88,11363.61,11371.88,3.63454329,41312.523683,11366.634096
09:23:00,11372.06,11372.06,11365.57,11365.57,0.30531678,3471.9628576,11371.673897
09:24:00,11363.61,11363.61,11355.96,11355.96,2.1820982,24795.124917,11362.97391
09:25:00,11359.69,11359.69,11348.51,11348.51,0.61468684,6978.0602414,11352.220004
09:26:00,11348.71,11352.41,11348.71,11349.25,0.13831243,1569.7212067,11349.097162
09:27:00,11348.22,11348.22,11346.49,11346.49,1.0832682,12291.662658,11346.832352
09:28:00,11347.98,11357.18,11347.98,11349.17,0.34900696,3963.2948339,11355.919188
09:29:00,11352.08,11360.92,11350.0,11360.92,3.55351292,40336.494422,11351.160198
09:30:00,11352.21,11361.28,11352.21,11355.0,0.08573629,973.50566618,11354.651177
09:31:00,11361.91,11363.76,11355.0,11363.76,5.66922659,64386.677297,11357.224178
09:32:00,11367.59,11373.75,11364.1,11373.75,2.5518641,29018.718465,11371.576748
09:33:00,11373.65,11373.84,11366.53,11366.53,0.62942908,7158.6600313,11373.259131
09:34:00,11363.86,11364.01,11363.86,11363.86,0.05837386,663.35535869,11363.911153
09:35:00,11365.12,11369.46,11360.48,11369.36,4.29257942,48794.696195,11367.220364
09:36:00,11367.89,11369.15,11358.48,11359.06,1.89317189,21514.616721,11364.322931
09:37:00,11369.74,11369.74,11361.97,11361.97,0.88579855,10070.903831,11369.293651
09:38:00,11358.85,11362.27,11355.0,11355.01,5.33006325,60527.254526,11355.82294
09:39:00,11355.01,11355.01,11347.29,11350.43,11.82549486,134233.80964,11351.221343
09:40:00,11357.31,11357.61,11350.43,11352.5,0.52231942,5931.930364,11356.901805
09:41:00,11361.22,11361.22,11361.22,11361.22,0.06574207,746.91012053,11361.22
09:42:00,11357.23,11364.79,11356.11,11363.38,0.06324306,718.31789017,11358.050831
09:43:00,11363.38,11366.91,11363.38,11366.91,0.04874104,553.89042252,11363.943455
09:44:00,11361.13,11361.13,11353.16,11360.85,2.46253894,27975.593447,11360.46744
09:45:00,11360.67,11365.72,11353.17,11359.84,3.18132024,36137.287341,11359.210835
09:46:00,11365.88,11365.9,11358.78,11360.05,3.18029198,36144.841254,11365.25875
09:47:00,11362.47,11368.21,11360.05,11368.21,1.01509366,11531.737095,11360.269056
09:48:00,11361.87,11362.58,11361.66,11361.9,0.07310796,830.65176274,11361.98798
09:49:00,11362.96,11370.79,11362.41,11370.79,0.74586629,8480.2421892,11369.654726
09:50:00,11364.89,11377.17,11364.89,11370.67,4.0148032,45668.676297,11375.072207
09:51:00,11370.57,11376.51,11369.99,11376.51,2.55973482,29112.585816,11373.281946
09:52:00,11370.51,11370.51,11367.98,11369.53,0.06086514,691.97764681,11369.030726
09:53:00,11370.21,11370.21,11370.0,11370.0,0.01113705,126.62931567,11370.094924
09:54:00,11374.7,11378.29,11369.75,11378.29,0.22250214,2530.8217383,11374.370324
09:55:00,11370.61,11378.29,11368.04,11378.29,0.88137545,10027.785781,11377.428065
09:56:00,11371.03,11371.03,11367.75,11370.15,0.57821958,6574.6745473,11370.54983
09:57:00,11370.15,11379.09,11370.15,11379.09,9.35268835,106386.08368,11374.920205
09:58:00,11372.0,11372.0,11368.44,11368.44,1.38452446,15743.334019,11370.932384
09:59:00,11372.0,11372.0,11368.13,11368.79,0.57542228,6543.646792,11371.903764
10:00:00,11370.02,11375.78,11369.92,11375.78,0.1920573,2184.4347728,11373.870052
10:01:00,11373.97,11386.75,11373.97,11386.75,0.74019509,8424.6006406,11381.594872
10:02:00,11382.57,11389.43,11382.44,11383.9,0.52542146,5980.9865789,11383.217159
10:03:00,11392.21,11392.21,11383.9,11383.9,0.03666019,417.58523694,11390.700292
10:04:00,,,,,,,
10:05:00,,,,,,,
10:06:00,,,,,,,
10:07:00,,,,,,,
10:08:00,,,,,,,
10:09:00,,,,,,,
10:10:00,,,,,,,
10:11:00,,,,,,,
10:12:00,,,,,,,
10:13:00,,,,,,,
10:14:00,,,,,,,
10:15:00,,,,,,,
10:16:00,,,,,,,
10:17:00,,,,,,,
10:18:00,,,,,,,
10:19:00,,,,,,,
10:20:00,,,,,,,
10:21:00,,,,,,,
10:22:00,,,,,,,
10:23:00,,,,,,,
10:24:00,,,,,,,
10:25:00,,,,,,,
10:26:00,,,,,,,
10:27:00,,,,,,,
10:28:00,,,,,,,
10:29:00,,,,,,,
10:30:00,,,,,,,
10:31:00,,,,,,,
10:32:00,,,,,,,
10:33:00,,,,,,,
10:34:00,,,,,,,
10:35:00,,,,,,,
10:36:00,,,,,,,
10:37:00,,,,,,,
10:38:00,,,,,,,
10:39:00,,,,,,,
10:40:00,,,,,,,
10:41:00,,,,,,,
10:42:00,,,,,,,
10:43:00,,,,,,,
10:44:00,,,,,,,
10:45:00,,,,,,,
10:46:00,,,,,,,
10:47:00,,,,,,,
10:48:00,,,,,,,
10:49:00,,,,,,,
10:50:00,,,,,,,
10:51:00,,,,,,,
10:52:00,,,,,,,
10:53:00,,,,,,,
10:54:00,,,,,,,
10:55:00,,,,,,,
10:56:00,,,,,,,
10:57:00,,,,,,,
10:58:00,,,,,,,
10:59:00,,,,,,,
11:00:00,,,,,,,
11:01:00,,,,,,,
11:02:00,,,,,,,
11:03:00,,,,,,,
11:04:00,,,,,,,
11:05:00,,,,,,,
11:06:00,,,,,,,
11:07:00,,,,,,,
11:08:00,,,,,,,
11:09:00,,,,,,,
11:10:00,,,,,,,
11:11:00,,,,,,,
11:12:00,,,,,,,
11:13:00,,,,,,,
11:14:00,,,,,,,
11:15:00,,,,,,,
11:16:00,,,,,,,
11:17:00,,,,,,,
11:18:00,,,,,,,
11:19:00,,,,,,,
11:20:00,,,,,,,
11:21:00,,,,,,,
11:22:00,,,,,,,
11:23:00,,,,,,,
11:24:00,,,,,,,
11:25:00,,,,,,,
11:26:00,,,,,,,
11:27:00,,,,,,,
11:28:00,,,,,,,
11:29:00,,,,,,,
11:30:00,,,,,,,
11:31:00,,,,,,,
11:32:00,,,,,,,
11:33:00,,,,,,,
11:34:00,,,,,,,
11:35:00,,,,,,,
11:36:00,,,,,,,
11:37:00,,,,,,,
11:38:00,,,,,,,
11:39:00,,,,,,,
11:40:00,,,,,,,
11:41:00,,,,,,,
11:42:00,,,,,,,
11:43:00,,,,,,,
11:44:00,,,,,,,
11:45:00,,,,,,,
11:46:00,,,,,,,
11:47:00,,,,,,,
11:48:00,,,,,,,
11:49:00,,,,,,,
11:50:00,,,,,,,
11:51:00,,,,,,,
11:52:00,11392.21,11392.21,11383.9,11383.9,0.01754786,199.83499761,11387.998173
11:53:00,,,,,,,
11:54:00,,,,,,,
11:55:00,,,,,,,
11:56:00,,,,,,,
11:57:00,,,,,,,
11:58:00,,,,,,,
11:59:00,,,,,,,
12:00:00,,,,,,,
12:01:00,,,,,,,
12:02:00,11383.9,11383.9,11383.9,11383.9,0.00439217,50.000024063,11383.9
12:03:00,11392.21,11393.57,11392.21,11393.57,2.7101261,30874.984974,11392.453279
12:04:00,11393.57,11395.72,11384.0,11384.0,5.18291013,59005.602799,11384.647104
12:05:00,11395.72,11395.72,11374.65,11395.16,4.89760234,55754.860598,11384.113435
12:06:00,11379.41,11395.72,11379.0,11389.43,2.63685232,30023.438837,11386.090381
12:07:00,11383.3,11395.0,11383.3,11395.0,0.49552613,5642.256435,11386.395375
12:08:00,11395.0,11396.71,11388.3,11388.3,9.45648051,107756.60714,11395.00124
12:09:00,11386.54,11400.1,11386.54,11398.8,3.67069004,41832.630244,11396.394081
12:10:00,11388.98,11401.61,11388.98,11401.61,0.55570644,6332.8014193,11395.947507
12:11:00,11388.98,11404.72,11388.98,11404.72,1.30106105,14836.699406,11403.538217
12:12:00,11397.43,11408.37,11397.43,11408.37,0.57868775,6597.0923101,11400.08979
12:13:00,11408.37,11409.93,11397.44,11399.11,0.78848286,8995.9009439,11409.126818
12:14:00,11409.93,11409.93,11399.11,11399.3,0.10209133,1163.8678812,11400.261718
12:15:00,11399.3,11409.05,11397.44,11397.44,1.07972732,12312.328159,11403.182943
12:16:00,11397.44,11406.57,11397.44,11397.44,5.21393429,59460.146089,11404.084283
12:17:00,11397.44,11403.5,11397.44,11403.5,2.96925304,33858.909633,11403.174191
12:18:00,11403.61,11416.76,11397.44,11416.76,8.35982776,95387.188683,11410.185882
12:19:00,11403.35,11416.79,11403.08,11408.66,5.04999337,57619.240407,11409.765555
12:20:00,11408.45,11418.67,11403.03,11403.03,1.17093494,13358.07479,11408.041842
12:21:00,11416.12,11416.12,11401.69,11401.69,3.55013087,40486.989737,11404.365422
12:22:00,11400.0,11400.0,11382.81,11395.08,5.11739729,58301.806818,11392.863113
12:23:00,11382.81,11390.3,11363.66,11363.66,1.61901934,18434.461795,11386.189985
12:24:00,11367.41,11378.51,11355.32,11363.75,14.96866389,170193.4218,11369.980852
12:25:00,11362.14,11371.21,11350.27,11350.27,7.88698287,89611.83944,11361.992402
12:26:00,11350.27,11365.65,11347.19,11360.25,7.06907719,80294.729073,11358.587113
12:27:00,11350.54,11360.38,11350.54,11350.62,2.04676368,23251.846334,11360.298485
12:28:00,11350.54,11356.27,11342.04,11347.33,1.59177358,18067.871329,11350.779757
12:29:00,11347.33,11347.33,11328.11,11338.07,5.20072613,58940.869968,11333.200114
12:30:00,11335.18,11353.87,11335.01,11335.01,13.14017473,149051.77446,11343.210994
12:31:00,11339.75,11340.72,11333.86,11337.66,0.95877709,10870.981276,11338.382393
12:32:00,11341.66,11341.66,11332.18,11337.72,0.47462928,5380.0886604,11335.349266
12:33:00,11336.23,11348.83,11336.23,11337.08,15.05192557,170632.49559,11336.256932
12:34:00,11339.85,11339.85,11335.12,11335.12,0.43638281,4947.296967,11337.057404
12:35:00,11332.69,11340.18,11321.32,11337.65,8.65678531,98070.994514,11328.800588
12:36:00,11325.57,11337.0,11324.08,11324.08,0.59131628,6703.2370997,11336.128103
12:37:00,11324.45,11334.28,11322.07,11322.08,0.34469334,3906.4037644,11332.983006
12:38:00,11334.58,11346.86,11334.58,11338.8,3.49280465,39594.514684,11336.02324
12:39:00,11336.47,11336.47,11322.55,11322.55,0.01263353,143.14677238,11330.702692
12:40:00,11330.0,11332.99,11319.64,11325.43,4.47657293,50701.834391,11326.037838
12:41:00,11318.67,11320.24,11314.53,11314.87,3.3102806,37468.73032,11318.898561
12:42:00,11314.53,11320.4,11307.75,11318.38,12.27960786,138936.03021,11314.370279
12:43:00,11314.29,11323.0,11300.0,11300.0,13.79994958,156008.1046,11304.97642
12:44:00,11300.0,11305.0,11298.41,11298.41,0.96026458,10853.380165,11302.489325
12:45:00,11305.0,11321.51,11297.14,11314.39,7.62636419,86303.943945,11316.525384
12:46:00,11316.88,11316.88,11280.0,11280.0,17.58766224,198634.18875,11293.950614
12:47:00,11286.2,11286.2,11269.87,11275.6,4.15435411,46838.526397,11274.562822
12:48:00,11276.4,11286.72,11267.12,11282.25,0.70850686,7993.4899901,11282.163154
12:49:00,11271.99,11286.6,11267.12,11280.45,1.60830121,18131.046956,11273.414982
12:50:00,11287.17,11307.75,11287.17,11307.75,3.33933983,37724.868799,11297.103835
12:51:00,11294.01,11307.75,11294.01,11306.43,5.98125959,67615.851001,11304.617361
12:52:00,11314.53,11319.56,11307.64,11319.56,4.56227683,51627.136719,11316.09033
12:53:00,11304.32,11318.46,11302.71,11302.71,1.03997329,11769.784372,11317.391019
12:54:00,11319.62,11319.62,11303.19,11303.19,0.633124,7158.9731795,11307.379249
12:55:00,11300.58,11313.01,11287.82,11287.82,3.87265244,43767.431037,11301.667711
12:56:00,11297.64,11297.84,11283.77,11283.77,1.67915418,18966.578094,11295.316606
12:57:00,11285.22,11300.41,11285.22,11289.79,0.47737365,5393.1976698,11297.644245
12:58:00,11300.74,11311.01,11289.59,11302.84,0.83940784,9486.2751322,11301.151455
12:59:00,11300.5,11312.07,11300.5,11308.64,0.14220429,1608.2571375,11309.483965
13:00:00,11314.04,11321.32,11308.0,11321.04,1.75130297,19820.672365,11317.671873
13:01:00,11324.63,11327.67,11314.77,11315.93,0.25209025,2854.756253,11324.342187
13:02:00,11321.32,11330.52,11305.63,11305.63,2.31608306,26230.015405,11325.161803
13:03:00,11313.64,11313.73,11302.41,11302.41,0.10955755,1239.255362,11311.455596
13:04:00,11304.79,11304.79,11304.08,11304.08,0.03444559,389.38053464,11304.22021
13:05:00,11307.43,11307.43,11297.62,11297.62,3.08017686,34811.35783,11301.739936
13:06:00,11303.71,11304.31,11287.42,11292.13,20.64321221,233074.68044,11290.620765
13:07:00,11295.81,11314.53,11292.14,11314.53,3.57379549,40364.100915,11294.462995
13:08:00,11314.53,11321.32,11314.53,11316.23,7.40921732,83880.022253,11321.036842
13:09:00,11328.11,11334.91,11323.65,11326.11,12.12689574,137380.52703,11328.581524
13:10:00,11327.63,11327.63,11327.63,11327.63,0.02487761,281.80436136,11327.63
13:11:00,11327.22,11337.03,11320.91,11320.91,0.12734874,1442.6526183,11328.361932
13:12:00,11328.03,11328.03,11321.2,11323.9,0.07913895,896.32706786,11325.99141
13:13:00,11324.22,11326.92,11324.22,11326.92,0.02020195,228.78704315,11324.99799
13:14:00,11328.79,11329.0,11323.82,11323.82,1.12613498,12757.572475,11328.63529
13:15:00,11323.66,11331.07,11322.49,11322.49,0.20086751,2275.1679203,11326.709433
13:16:00,11321.58,11328.09,11321.02,11324.83,0.54339149,6153.7956083,11324.792017
13:17:00,11322.54,11322.54,11316.15,11316.25,1.88954466,21388.93091,11319.621792
13:18:00,11316.25,11324.69,11316.15,11324.69,0.58139362,6580.8386276,11319.076098
13:19:00,11316.05,11319.77,11314.53,11317.04,4.06771342,46028.999014,11315.693674
13:20:00,11315.11,11323.18,11313.0,11313.0,11.2182041,126942.20283,11315.733044
13:21:00,11313.0,11318.87,11308.81,11308.81,1.20791712,13665.359924,11313.160231
13:22:00,11308.81,11309.7,11301.07,11302.19,3.24067302,36645.346941,11307.943355
13:23:00,11311.26,11312.13,11303.0,11303.0,0.36419298,4119.7393445,11311.968024
13:24:00,11303.0,11304.29,11295.3,11297.29,1.07479457,12148.190351,11302.802126
13:25:00,11296.72,11303.14,11290.72,11292.37,1.73059068,19541.894447,11292.037264
13:26:00,11287.42,11293.57,11285.06,11285.06,0.75891585,8570.3507378,11292.886738
13:27:00,11281.18,11288.4,11275.0,11275.0,11.40364822,128636.58437,11280.300996
13:28:00,11275.0,11281.83,11263.25,11268.22,19.70467372,222131.33954,11273.028049
13:29:00,11273.0,11273.18,11255.89,11260.7,11.33523326,127637.0585,11260.20573
13:30:00,11261.47,11261.47,11261.47,11261.47,0.0316556,356.48858973,11261.47
13:31:00,11276.9,11276.91,11268.1,11276.91,82.91648065,935039.80954,11276.887323
13:32:00,11270.8,11270.8,11252.01,11252.01,11.77689179,132650.63994,11263.637495
13:33:00,11258.08,11270.41,11250.14,11270.41,0.46124476,5197.5394343,11268.506192
13:34:00,11259.44,11277.42,11259.44,11273.95,124.94364328,1408227.6674,11270.902868
13:35:00,11270.92,11278.33,11268.33,11278.29,3.57360763,40276.505573,11270.544991
13:36:00,11274.0,11288.39,11272.53,11279.67,124.67551529,1406132.5022,11278.337202
13:37:00,11284.78,11304.17,11284.78,11304.17,0.77559426,8767.0304894,11303.629928
13:38:00,11294.74,11307.75,11294.74,11306.29,6.80164587,76891.268436,11304.803265
13:39:00,11305.99,11321.32,11305.99,11321.32,2.41468477,27329.130613,11317.887516
13:40:00,11317.17,11327.86,11314.81,11316.11,0.22517308,2550.0930852,11325.035325
13:41:00,11324.0,11328.11,11319.18,11328.11,1.26067038,14280.673454,11327.84087
13:42:00,11332.26,11345.5,11324.18,11341.71,5.43083273,61588.903512,11340.600341
13:43:00,11332.34,11345.49,11329.68,11339.51,4.44223061,50364.863336,11337.741724
13:44:00,11339.9,11341.71,11330.5,11331.52,2.42680246,27510.344849,11336.046218
13:45:00,11331.52,11341.71,11331.52,11334.2,4.85994053,55075.521043,11332.55041
13:46:00,11325.22,11334.91,11318.1,11334.91,1.27526961,14443.574999,11325.899155
13:47:00,11324.69,11331.34,11320.61,11328.11,0.58046117,6573.23575,11324.161011
13:48:00,11320.31,11334.6,11320.31,11334.6,0.79047727,8958.5497745,11333.089659
13:49:00,11328.11,11328.11,11319.48,11319.48,1.07702803,12194.064373,11321.956377
13:50:00,11319.75,11345.05,11319.49,11334.73,9.19097508,104215.35752,11338.879348
13:51:00,11345.86,11350.61,11337.51,11340.79,10.08641393,114465.22127,11348.455662
13:52:00,11339.87,11341.71,11331.8,11331.8,1.50120021,17021.841446,11338.821652
13:53:00,11333.36,11344.24,11327.12,11344.24,4.21234288,47728.837347,11330.710416
13:54:00,11335.86,11341.71,11334.82,11341.68,2.48727439,28203.100874,11338.958415
13:55:00,11339.8,11340.49,11331.3,11331.3,0.96008164,10884.528155,11337.086037
13:56:00,11328.74,11333.68,11328.74,11329.81,0.4823225,5464.6552298,11329.878307
13:57:00,11339.94,11354.24,11339.93,11342.87,2.5272609,28668.317574,11343.631983
13:58:00,11345.15,11424.0,11345.15,11424.0,29.21724645,333067.85326,11399.700305
13:59:00,11424.0,11425.03,11390.76,11419.07,65.13029016,743540.4989,11416.201234
14:00:00,11399.77,11427.79,11399.77,11410.85,3.33374828,38063.289582,11417.56557
14:01:00,11407.71,11441.53,11407.71,11438.38,15.95198428,182322.48897,11429.455156
14:02:00,11437.35,11488.0,11437.35,11457.97,41.98077296,481401.53327,11467.190795
14:03:00,11457.97,11490.11,11457.97,11477.2,27.24215469,312566.73644,11473.642228
14:04:00,11478.59,11492.37,11477.34,11482.62,24.27618155,278886.75922,11488.081791
14:05:00,11488.61,11513.07,11481.36,11485.49,41.22985022,474250.10921,11502.591125
14:06:00,11491.52,11511.05,11482.62,11493.31,16.26482396,186968.85091,11495.288936
14:07:00,11496.52,11503.1,11475.96,11492.44,12.65528206,145428.30563,11491.510418
14:08:00,11478.0,11489.81,11464.83,11482.52,12.28232338,140966.8072,11477.210202
14:09:00,11479.77,11479.77,11465.45,11466.9,2.00237747,22979.852875,11476.284177
14:10:00,11473.51,11474.27,11458.23,11458.23,5.69887328,65347.114568,11466.672684
14:11:00,11460.0,11475.09,11458.25,11471.28,2.38667521,27360.436683,11463.829083
14:12:00,11458.82,11468.56,11458.25,11465.0,3.2136379,36829.325323,11460.322061
14:13:00,11465.83,11483.53,11458.26,11483.53,1.89725927,21764.208161,11471.393765
14:14:00,11471.86,11481.08,11471.86,11472.0,1.41664511,16254.916428,11474.233252
14:15:00,11479.13,11484.99,11465.0,11465.0,1.305474,14989.846257,11482.301644
14:16:00,11471.29,11475.0,11463.87,11465.37,2.39589566,27489.989902,11473.784256
14:17:00,11470.0,11474.14,11466.43,11474.14,8.4209378,96593.363357,11470.618315
14:18:00,11473.0,11473.0,11464.52,11466.3,1.14884513,13179.537223,11471.987719
14:19:00,11469.65,11473.0,11465.43,11473.0,4.33710179,49757.272322,11472.470496
14:20:00,11474.84,11489.93,11469.55,11469.83,14.52554309,166738.95411,11479.016866
14:21:00,11474.81,11474.81,11465.0,11472.17,2.32066506,26623.242002,11472.246668
14:22:00,11465.97,11470.94,11461.7,11470.94,0.72593004,8326.0236393,11469.457359
14:23:00,11458.85,11464.33,11455.01,11464.33,1.87732549,21505.086969,11455.17231
14:24:00,11458.18,11472.76,11458.18,11472.76,10.46378244,119976.53302,11465.88566
14:25:00,11472.79,11472.97,11462.07,11462.07,3.84143834,44063.070763,11470.461547
14:26:00,11458.63,11474.2,11457.31,11458.81,3.58460167,41098.545379,11465.303306
14:27:00,11464.57,11473.66,11461.2,11470.08,0.39263892,4504.5149627,11472.41074
14:28:00,11475.0,11475.0,11460.01,11460.01,1.18766663,13618.967961,11466.99555
14:29:00,11460.59,11469.33,11457.95,11457.95,9.52070146,109106.85297,11459.959482
14:30:00,11464.89,11473.79,11458.52,11469.87,4.63717261,53176.504394,11467.441233
14:31:00,11458.03,11469.3,11458.03,11469.3,0.75970682,8710.1127074,11465.097427
14:32:00,11469.0,11483.01,11466.43,11475.14,8.14790784,93493.856622,11474.584453
14:33:00,11475.0,11480.0,11475.0,11479.2,4.38388178,50324.932383,11479.536837
14:34:00,11489.99,11490.0,11480.57,11485.0,0.26235042,3012.9476485,11484.439966
14:35:00,11489.87,11490.0,11479.46,11486.41,11.85825924,136228.05203,11488.031191
14:36:00,11476.07,11485.46,11465.4,11478.21,6.66889085,76535.67062,11476.52171
14:37:00,11466.75,11481.93,11466.75,11481.93,1.03482174,11874.534204,11474.95626
14:38:00,11479.78,11490.0,11479.78,11481.99,3.3557742,38555.271932,11489.233075
14:39:00,11490.0,11501.62,11486.56,11501.6,13.54633928,155743.56572,11497.096189
14:40:00,11502.41,11502.41,11487.13,11487.13,0.18228038,2095.6726921,11496.973465
14:41:00,11483.05,11487.99,11477.91,11485.29,2.36591757,27163.312089,11481.089803
14:42:00,11485.29,11485.39,11470.49,11473.89,0.88706388,10184.994388,11481.692151
14:43:00,11482.22,11482.22,11470.49,11481.01,4.22729526,48530.788762,11480.340449
14:44:00,11481.01,11481.01,11465.92,11466.81,0.89982381,10324.067404,11473.43212
14:45:00,11469.09,11469.7,11469.09,11469.7,0.04664533,534.98723485,11469.256083
14:46:00,11476.33,11476.38,11461.08,11461.08,3.96603274,45509.111576,11474.719086
14:47:00,11461.08,11468.68,11461.08,11468.68,0.11211776,1285.6518332,11466.977517
14:48:00,11460.78,11472.91,11460.78,11462.0,0.8082575,9270.5333934,11469.777136
14:49:00,11469.94,11471.52,11461.0,11471.52,3.39977544,38980.263639,11465.540689
14:50:00,11459.32,11464.41,11451.5,11461.15,7.91336632,90665.719624,11457.288334
14:51:00,11461.25,11464.2,11457.88,11464.2,8.72004058,99947.649548,11461.833077
14:52:00,11453.0,11456.72,11437.35,11437.35,11.78789621,134884.74053,11442.647452
14:53:00,11441.87,11442.35,11434.94,11441.0,4.45522201,50976.122545,11441.881556
14:54:00,11442.35,11442.77,11441.0,11441.3,5.32624005,60944.431912,11442.299134
14:55:00,11441.3,11457.0,11441.3,11451.79,1.7320288,19833.722511,11451.15053
14:56:00,11456.4,11456.41,11438.11,11438.11,0.64212719,7355.1656036,11454.374956
14:57:00,11438.7,11449.7,11438.7,11441.07,0.17305549,1979.89525,11440.811557
14:58:00,11443.32,11443.32,11443.32,11443.32,0.02181829,249.67367432,11443.32
14:59:00,11442.18,11447.64,11442.18,11447.64,0.68523127,7843.1889369,11446.046438
15:00:00,11447.64,11455.59,11447.64,11450.37,5.36648985,61435.42725,11447.972318
15:01:00,11453.15,11459.27,11453.15,11459.27,0.22089122,2531.1661167,11458.880605
15:02:00,11460.41,11468.01,11457.94,11457.94,0.09539235,1093.2344688,11460.399799
15:03:00,11466.77,11467.48,11457.61,11466.77,0.80018923,9175.7080062,11466.922651
15:04:00,11457.96,11459.86,11457.96,11459.86,0.05966672,683.75117233,11459.506612
15:05:00,11467.2,11467.38,11460.09,11467.38,3.40427872,39037.704731,11467.246939
15:06:00,11467.48,11470.37,11460.81,11470.37,0.04350492,498.89070177,11467.454756
15:07:00,11462.77,11468.7,11462.77,11468.7,0.58461435,6703.8725958,11467.170787
15:08:00,11470.51,11474.35,11464.98,11467.7,1.18385055,13579.904937,11470.962223
15:09:00,11467.7,11474.89,11466.23,11474.18,2.26744593,26006.780531,11469.636469
15:10:00,11473.36,11476.31,11468.65,11468.65,2.09047922,23976.105362,11469.190955
15:11:00,11467.05,11467.05,11466.18,11466.18,0.03064874,351.44525452,11466.874479
15:12:00,11466.25,11475.05,11465.39,11475.05,0.19367808,2221.8064583,11471.646447
15:13:00,11465.54,11484.34,11465.54,11484.34,8.69291471,99785.056335,11478.895131
15:14:00,11475.32,11482.17,11475.32,11482.17,0.04899841,562.36147335,11477.137184
15:15:00,11476.01,11485.48,11476.01,11485.23,1.59854026,18345.60593,11476.474124
15:16:00,11478.0,11478.34,11478.0,11478.0,1.03398884,11868.155526,11478.030581
15:17:00,11475.18,11478.4,11464.93,11471.68,3.13735823,35992.184482,11472.13096
15:18:00,11467.21,11467.21,11464.64,11464.64,0.59917429,6870.4406221,11466.514396
15:19:00,11462.16,11466.81,11460.56,11465.97,1.58444964,18165.701766,11464.99157
15:20:00,11463.69,11474.33,11461.13,11464.81,4.3977418,50431.164064,11467.513637
15:21:00,11465.4,11465.4,11463.64,11463.86,0.09869518,1131.4693942,11464.282189
15:22:00,11468.48,11475.51,11468.48,11475.51,0.04997603,573.41878715,11473.876319
15:23:00,11468.79,11478.59,11468.79,11476.83,0.1074122,1232.4727534,11474.234337
15:24:00,11474.58,11483.89,11474.58,11483.89,0.01985551,227.94222688,11480.048958
15:25:00,11476.39,11484.07,11476.39,11478.01,0.26922293,3090.884446,11480.762229
15:26:00,11477.04,11477.04,11474.24,11476.33,3.04427491,34937.042259,11476.30989
15:27:00,11476.33,11478.59,11473.88,11478.49,1.20303028,13808.888717,11478.421571
15:28:00,11475.93,11485.48,11475.93,11485.48,0.03347722,384.39491835,11482.283127
15:29:00,11479.63,11486.04,11479.63,11484.69,1.34464801,15443.63433,11485.26173
15:30:00,11485.46,11485.72,11485.46,11485.72,0.13792798,1584.1678376,11485.471169
15:31:00,11486.01,11487.83,11482.35,11482.4,9.31702102,107011.397,11485.58072
15:32:00,11482.4,11482.4,11471.53,11471.53,0.09263882,1063.5746495,11480.874319
15:33:00,11468.92,11476.33,11468.92,11473.57,1.33953273,15372.392726,11475.936632
15:34:00,11476.73,11486.68,11475.14,11479.67,5.31690371,61028.810004,11478.261284
15:35:00,11479.67,11480.49,11472.67,11472.74,0.9500293,10904.326689,11477.884618
15:36:00,11473.84,11473.84,11473.84,11473.84,0.09279098,1064.668858,11473.84
15:37:00,11473.84,11473.84,11464.23,11471.84,4.9539016,56831.7799,11472.125304
15:38:00,11469.86,11469.86,11462.45,11462.45,0.06678638,765.9912491,11469.273362
15:39:00,11460.96,11467.2,11460.96,11465.42,2.59843492,29796.001248,11466.903027
15:40:00,11465.42,11471.8,11461.82,11465.79,4.23239745,48527.182244,11465.648682
15:41:00,11465.79,11479.6,11463.52,11479.58,0.77525887,8893.6651246,11471.865036
15:42:00,11480.0,11482.0,11475.15,11475.15,6.36406012,73056.866292,11479.600273
15:43:00,11476.48,11485.23,11476.48,11484.56,1.49858021,17209.359416,11483.775977
15:44:00,11483.46,11483.47,11477.38,11477.38,0.28908805,3319.6467014,11483.168195
15:45:00,11478.97,11487.57,11478.29,11487.57,2.37725873,27290.099269,11479.650458
15:46:00,11487.67,11491.27,11482.67,11491.27,10.59174162,121626.67463,11483.161032
15:47:00,11484.9,11491.5,11484.9,11488.49,0.49832827,5725.9696533,11490.356855
15:48:00,11491.09,11492.37,11486.65,11491.56,3.41140343,39202.530619,11491.613766
15:49:00,11486.68,11492.37,11486.65,11486.65,1.02455799,11770.934113,11488.792463
15:50:00,11487.33,11493.76,11486.71,11492.37,0.82252582,9451.6688235,11491.029939
15:51:00,11488.2,11494.08,11486.86,11486.86,2.96033189,34017.740413,11491.191419
15:52:00,11492.37,11492.37,11479.15,11479.15,5.18775669,59580.903431,11484.907059
15:53:00,11476.51,11483.23,11475.0,11476.54,1.18389201,13589.432973,11478.608571
15:54:00,11481.92,11484.71,11475.19,11484.71,0.040354,463.32108053,11481.416477
15:55:00,11478.33,11485.26,11477.64,11477.64,0.14664657,1683.9521122,11483.065115
15:56:00,11485.48,11489.72,11478.99,11489.61,1.79113645,20577.323675,11488.417689
15:57:00,11481.57,11496.76,11481.57,11487.5,0.41071694,4718.1108743,11487.500063
15:58:00,11488.26,11498.18,11486.87,11486.87,3.06557795,35230.790767,11492.38132
15:59:00,11486.87,11493.46,11483.71,11486.77,0.46671673,5361.7081486,11488.142173
16:00:00,11487.68,11498.69,11487.68,11498.69,0.07330407,842.52564317,11493.572501
16:01:00,11492.05,11505.26,11492.05,11498.89,1.87540145,21568.137838,11500.544504
16:02:00,11504.1,11512.8,11501.23,11501.23,4.22236977,48579.3991,11505.245098
16:03:00,11508.14,11508.14,11497.67,11497.67,0.08511768,979.0516628,11502.330219
16:04:00,11496.29,11499.03,11485.26,11499.03,5.56144724,63898.018535,11489.458728
16:05:00,11488.0,11496.4,11478.59,11478.59,8.35177641,95967.744274,11490.698453
16:06:00,11477.66,11481.19,11466.02,11477.65,6.42594446,73741.462745,11475.583582
16:07:00,11476.53,11477.86,11463.35,11463.35,0.71435993,8198.1426016,11476.207241
16:08:00,11463.51,11475.0,11463.29,11463.97,0.28054489,3217.9676392,11470.419722
16:09:00,11474.82,11474.82,11464.41,11473.7,0.1471116,1687.0533495,11467.847195
16:10:00,11468.43,11478.28,11466.26,11467.0,0.03103657,356.02128937,11471.025612
16:11:00,11467.0,11474.69,11460.49,11460.49,3.16065505,36230.238153,11462.889047
16:12:00,11466.69,11469.3,11459.48,11468.22,3.30761021,37914.524806,11462.815265
16:13:00,11468.09,11475.01,11461.92,11468.9,1.14083669,13087.870678,11472.168447
16:14:00,11461.0,11472.39,11461.0,11472.39,25.20967056,289031.28836,11465.095812
16:15:00,11465.0,11472.36,11465.0,11470.85,0.14667728,1682.1698023,11468.509658
16:16:00,11465.0,11471.23,11465.0,11465.0,32.06964717,367687.1288,11465.268915
16:17:00,11465.0,11465.1,11454.25,11464.11,10.89447285,124870.99337,11461.866498
16:18:00,11457.57,11466.93,11457.57,11466.93,0.44008435,5046.3523511,11466.784381
16:19:00,11459.07,11462.19,11459.07,11462.19,0.04193995,480.63799383,11460.14704
16:20:00,11471.62,11471.62,11462.83,11464.89,1.2536844,14373.553731,11465.049522
16:21:00,11470.85,11475.45,11461.14,11475.45,3.87324373,44441.298848,11473.92262
16:22:00,11483.18,11487.75,11476.81,11487.75,0.18351382,2107.5254838,11484.28758
16:23:00,11488.99,11488.99,11479.19,11479.19,0.05787373,664.56095509,11482.946668
16:24:00,11483.16,11484.45,11472.58,11474.04,1.07730067,12360.0159,11473.134886
16:25:00,11472.65,11478.02,11472.65,11478.02,0.06300968,723.02756883,11474.864955
16:26:00,11486.5,11487.13,11475.27,11475.27,0.50663262,5819.5001314,11486.627394
16:27:00,11473.08,11479.07,11473.08,11479.07,0.10352135,1187.9719999,11475.623143
16:28:00,11492.37,11529.0,11492.37,11523.84,12.23145607,140828.11517,11513.601845
16:29:00,11529.0,11545.0,11527.46,11538.63,14.11890123,162875.028,11535.956329
16:30:00,11541.05,11549.8,11538.13,11540.42,1.25807796,14522.204555,11543.167448
16:31:00,11533.28,11544.48,11533.05,11544.48,0.72516468,8366.5050843,11537.386355
16:32:00,11520.54,11523.39,11513.72,11523.39,1.57363608,18130.127251,11521.169019
16:33:00,11519.09,11523.92,11517.64,11517.64,0.14291695,1646.7013146,11522.085481
16:34:00,11516.89,11525.16,11516.89,11525.16,0.68999971,7952.2022577,11524.935652
16:35:00,11525.16,11525.16,11506.34,11515.39,3.28991291,37887.318667,11516.207177
16:36:00,11514.18,11515.34,11505.0,11505.0,5.5138436,63441.887649,11505.928033
16:37:00,11499.52,11511.98,11499.52,11511.98,1.30061994,14962.165147,11503.871874
16:38:00,11509.15,11509.15,11499.78,11508.93,0.1791031,2061.2472354,11508.718919
16:39:00,11500.75,11503.45,11499.61,11503.45,0.05478817,630.12057109,11501.033363
16:40:00,11515.23,11515.23,11505.92,11514.45,1.14878984,13226.844592,11513.72003
16:41:00,11507.18,11513.34,11499.27,11502.85,0.84641039,9739.2780158,11506.567182
16:42:00,11512.26,11518.02,11509.07,11509.07,3.09696205,35655.184002,11512.954769
16:43:00,11507.38,11513.39,11502.56,11502.56,0.498922,5739.24362,11503.28833
16:44:00,11497.91,11497.91,11495.0,11497.67,3.83256875,44065.268522,11497.580708
16:45:00,11495.0,11497.41,11485.87,11496.62,0.49880024,5732.3324601,11492.240782
16:46:00,11496.62,11496.78,11495.67,11495.67,2.78974896,32073.067346,11496.757524
16:47:00,11495.87,11495.87,11494.0,11494.0,0.03873463,445.2645221,11495.256882
16:48:00,11494.05,11499.49,11490.61,11490.61,1.00287438,11525.694048,11492.659777
16:49:00,11489.29,11491.95,11480.59,11481.02,1.20459138,13840.699997,11489.954375
16:50:00,11481.0,11485.6,11474.92,11474.93,0.58125921,6672.7431886,11479.806382
16:51:00,11475.21,11481.85,11472.76,11479.52,2.69904594,30975.289219,11476.384585
16:52:00,11479.66,11489.78,11479.66,11487.67,2.87342128,32997.390838,11483.659242
16:53:00,11481.11,11490.67,11481.11,11490.67,0.14552463,1671.8062632,11488.132718
16:54:00,11488.24,11488.33,11483.4,11488.33,0.0811481,932.22311908,11487.922934
16:55:00,11490.18,11494.18,11486.85,11493.48,0.65164843,7489.5313343,11493.208592
16:56:00,11486.85,11490.86,11482.58,11489.24,3.15538878,36235.793107,11483.780806
16:57:00,11487.77,11488.07,11472.0,11472.0,12.51297857,143607.72542,11476.70194
16:58:00,11474.15,11474.27,11469.01,11474.17,1.09040895,12511.544755,11474.176505
16:59:00,11469.53,11473.6,11468.05,11469.01,2.24639904,25773.092688,11473.069668
17:00:00,11473.47,11473.47,11465.81,11465.81,0.32060619,3678.2690959,11472.857389
17:01:00,11468.0,11477.16,11467.95,11477.16,2.61819567,30045.060359,11475.483175
17:02:00,11476.02,11479.52,11472.7,11472.84,0.03711572,425.91145711,11475.230902
17:03:00,11479.4,11479.4,11474.49,11474.59,0.0764579,877.36537985,11475.143574
17:04:00,11479.4,11492.17,11479.32,11479.32,0.37690603,4328.3648084,11483.936217
17:05:00,11480.55,11483.07,11466.35,11479.63,3.08706035,35416.324732,11472.508055
17:06:00,11478.76,11478.86,11470.03,11470.03,3.5178309,40354.032542,11471.282642
17:07:00,11480.89,11482.36,11471.53,11482.36,1.44990719,16646.894449,11481.351747
17:08:00,11478.97,11478.97,11467.52,11471.3,1.66213911,19061.513193,11468.061294
17:09:00,11468.62,11477.44,11468.38,11470.16,0.10681545,1225.4903258,11472.968805
17:10:00,,,,,,,
17:11:00,11481.31,11488.23,11480.43,11480.43,1.16071452,13332.234139,11486.23017
17:12:00,11487.5,11487.5,11487.5,11487.5,0.50656985,5819.2211519,11487.5
17:13:00,11487.5,11495.29,11487.5,11490.95,1.32765306,15258.44145,11492.792741
17:14:00,11491.51,11498.57,11491.51,11498.35,2.30048538,26448.18151,11496.783131
17:15:00,11490.51,11496.71,11488.26,11496.71,0.06490034,745.89456067,11492.922235
17:16:00,11504.32,11505.67,11494.24,11494.24,0.47347527,5447.0171512,11504.332953
17:17:00,11494.81,11501.62,11490.25,11490.25,0.68707218,7898.6698536,11496.128185
17:18:00,11498.8,11499.45,11488.92,11498.61,4.996832,57447.927644,11496.869946
17:19:00,11490.25,11497.82,11486.27,11486.37,0.41675867,4789.1934731,11491.526914
17:20:00,11486.37,11487.65,11478.75,11486.23,4.00885885,46041.276278,11484.883355
17:21:00,11481.55,11486.18,11473.42,11474.1,6.18927035,71050.644159,11479.647865
17:22:00,11480.35,11487.15,11476.49,11484.37,2.4608406,28260.899592,11484.246315
17:23:00,11481.95,11489.69,11478.07,11489.69,2.5422631,29184.206837,11479.617054
17:24:00,11489.7,11489.72,11481.19,11486.53,3.60592635,41407.931756,11483.299362
17:25:00,11489.91,11489.91,11479.78,11479.89,0.90236814,10363.457189,11484.733037
17:26:00,11478.59,11478.59,11478.59,11478.59,1.8,20661.462,11478.59
17:27:00,11473.55,11480.97,11471.35,11480.39,0.87113923,10000.635532,11479.950837
17:28:00,11472.9,11479.8,11472.9,11479.8,1.21111024,13903.225927,11479.736087
17:29:00,11468.72,11477.28,11468.65,11469.48,0.08968316,1028.785401,11471.333091
17:30:00,11476.31,11476.31,11469.56,11469.56,0.01278671,146.70555733,11473.284162
17:31:00,11469.85,11478.89,11469.85,11474.37,3.08985955,35457.883069,11475.564664
17:32:00,11476.34,11483.04,11472.6,11473.12,4.44731221,51051.987477,11479.290202
17:33:00,11476.64,11476.92,11472.5,11472.59,1.18845932,13638.34145,11475.648531
17:34:00,11477.1,11485.43,11477.1,11482.5,3.06977333,35235.710263,11478.277539
17:35:00,11482.5,11487.46,11482.5,11482.5,2.37533656,27282.373863,11485.68768
17:36:00,11491.02,11491.04,11484.99,11484.99,0.07989541,918.01747718,11490.240518
17:37:00,11484.99,11492.26,11484.72,11487.5,2.70974443,31132.222863,11488.988599
17:38:00,11487.5,11490.91,11483.1,11487.5,0.16385488,1882.1683327,11486.800593
17:39:00,11487.66,11495.45,11487.66,11487.86,2.18104125,25061.645813,11490.679423
17:40:00,11495.44,11495.44,11488.41,11492.5,0.68006493,7817.1276977,11494.678453
17:41:00,11492.5,11500.27,11492.5,11492.74,1.10653251,12721.808238,11497.003588
17:42:00,11492.84,11499.83,11490.31,11499.61,0.95274764,10949.610272,11492.665856
17:43:00,11490.77,11501.44,11488.62,11490.82,0.18320089,2106.0677696,11495.947261
17:44:00,11500.1,11500.2,11490.82,11493.17,1.64020591,18860.965166,11499.144742
17:45:00,11494.19,11500.78,11493.82,11493.82,0.39438454,4534.9358151,11498.766699
17:46:00,11493.82,11498.42,11486.05,11494.0,27.40194447,314950.98258,11493.745742
17:47:00,11494.18,11494.18,11484.54,11484.54,3.81220905,43805.055348,11490.727495
17:48:00,11492.87,11492.87,11480.74,11480.74,2.12442929,24400.590328,11485.715454
17:49:00,11480.28,11486.6,11480.28,11481.13,0.13480662,1548.1823538,11484.468298
17:50:00,11481.03,11487.2,11469.88,11469.88,18.4367442,211600.50831,11477.108215
17:51:00,11466.87,11472.47,11457.01,11457.01,10.25488034,117582.00728,11465.95605
17:52:00,11465.97,11471.3,11457.83,11457.83,4.89647425,56147.060544,11466.83464
17:53:00,11463.13,11468.53,11459.16,11468.53,0.55632579,6379.1402624,11466.554988
17:54:00,11459.4,11468.59,11459.4,11460.0,2.51879507,28879.528179,11465.612476
17:55:00,11461.0,11469.03,11460.08,11461.58,0.237264,2719.2829399,11461.000994
17:56:00,11468.63,11468.63,11456.78,11460.0,2.16691719,24841.143698,11463.817728
17:57:00,11465.08,11465.12,11455.8,11455.8,6.0031034,68800.633171,11460.844264
17:58:00,11456.62,11462.65,11455.23,11456.06,1.92556204,22065.00165,11458.992851
17:59:00,11452.0,11462.65,11452.0,11456.31,7.2590327,83174.783727,11458.108424
18:00:00,11465.25,11465.29,11465.08,11465.08,1.77964015,20404.088796,11465.28909
18:01:00,11471.16,11473.47,11465.08,11469.71,0.56136371,6438.5075471,11469.404652
18:02:00,11469.71,11469.71,11465.0,11467.04,4.58124848,52526.637025,11465.572595
18:03:00,11474.25,11475.37,11467.06,11467.53,2.88059695,33053.182958,11474.421285
18:04:00,11465.0,11467.14,11463.0,11467.14,7.34839899,84242.921671,11464.119162
18:05:00,11467.15,11477.23,11467.15,11471.79,4.95431961,56848.668961,11474.566325
18:06:00,11473.77,11473.77,11472.0,11472.0,0.41515014,4763.2394291,11473.53444
18:07:00,11472.0,11477.79,11472.0,11472.9,0.30419337,3489.9704053,11472.868081
18:08:00,11481.86,11482.2,11475.24,11475.24,0.39261221,4507.9192722,11481.862146
18:09:00,11476.75,11484.61,11476.75,11477.01,0.2269651,2606.0597179,11482.204612
18:10:00,11477.01,11482.12,11473.47,11482.12,2.11317057,24258.855809,11479.838
18:11:00,11475.29,11481.75,11474.05,11474.83,0.18876114,2167.0339681,11480.2971
18:12:00,11474.83,11481.96,11472.33,11472.33,0.79229312,9091.480998,11474.895804
18:13:00,11472.33,11472.33,11466.99,11466.99,0.46394007,5322.1371593,11471.604855
18:14:00,11466.97,11475.0,11466.97,11471.4,2.29673225,26350.416177,11473.003079
18:15:00,11471.4,11477.29,11467.75,11469.0,1.34530904,15437.802397,11475.283328
18:16:00,11469.0,11477.19,11469.0,11475.85,0.18128852,2080.6236642,11476.863864
18:17:00,11469.17,11469.34,11469.17,11469.34,0.04186503,480.1621497,11469.289517
18:18:00,11467.02,11471.11,11464.83,11464.83,1.49326123,17120.531674,11465.195325
18:19:00,11464.87,11473.12,11464.87,11472.64,0.6102502,7000.9957296,11472.336641
18:20:00,11465.15,11472.64,11463.57,11465.52,1.94138029,22270.933135,11471.700444
18:21:00,11471.34,11475.11,11467.89,11475.11,4.81103365,55197.606423,11473.128321
18:22:00,11469.82,11469.82,11469.82,11469.82,0.01390213,159.45492872,11469.82
18:23:00,11469.82,11469.85,11469.82,11469.85,0.146634,1681.8667825,11469.828161
18:24:00,11469.85,11479.66,11469.85,11472.59,2.50274218,28721.711615,11476.096837
18:25:00,11472.59,11479.63,11470.68,11478.35,0.08459321,970.69387231,11474.843812
18:26:00,11472.98,11478.37,11472.21,11478.37,0.08206791,941.86793071,11476.689619
18:27:00,11472.21,11472.72,11472.21,11472.72,0.04273807,490.31059365,11472.455206
18:28:00,11472.12,11480.07,11472.12,11479.19,0.07421299,851.85753591,11478.550263
18:29:00,11468.78,11475.16,11467.92,11467.92,1.11682774,12812.851897,11472.540875
18:30:00,11464.25,11464.25,11464.0,11464.0,1.0794862,12375.231359,11464.001448
18:31:00,11469.95,11469.95,11464.0,11467.39,12.23299517,140258.08503,11465.555498
18:32:00,11464.75,11473.26,11464.75,11473.26,0.77530087,8890.3285955,11466.940048
18:33:00,11464.0,11475.12,11464.0,11474.7,3.90042311,44742.188425,11471.111509
18:34:00,11465.44,11469.07,11461.66,11469.07,1.42486518,16339.282953,11467.248398
18:35:00,11463.09,11469.63,11463.0,11465.99,3.53362804,40512.593907,11464.872207
18:36:00,11458.93,11463.95,11451.09,11457.28,1.9279032,22091.551849,11458.849101
18:37:00,11451.08,11451.08,11435.86,11439.69,26.55869609,303859.77076,11441.065093
18:38:00,11445.14,11451.86,11440.31,11449.85,5.25017827,60093.552088,11446.002211
18:39:00,11440.22,11442.52,11436.6,11442.52,2.74478972,31392.778638,11437.225376
18:40:00,11442.6,11442.6,11436.24,11437.0,0.03650932,417.58085063,11437.650732
18:41:00,11436.01,11442.57,11436.01,11441.8,0.39172212,4479.88087,11436.374515
18:42:00,11434.33,11447.82,11434.09,11447.82,4.51865013,51699.349277,11441.326013
18:43:00,11447.86,11448.07,11445.21,11445.26,8.10889047,92830.688895,11448.013663
18:44:00,11445.26,11451.17,11445.26,11451.17,0.02625172,300.53703759,11448.279868
18:45:00,11443.65,11451.4,11443.57,11443.67,0.09471554,1084.0749022,11445.58646
18:46:00,11440.59,11440.59,11440.02,11440.02,0.02035631,232.8814301,11440.257596
18:47:00,11445.36,11446.98,11436.47,11446.98,1.52043851,17401.420576,11445.001203
18:48:00,11438.34,11444.88,11438.34,11444.88,0.27211057,3114.203159,11444.623996
18:49:00,11445.23,11445.23,11440.07,11442.16,0.05580206,638.5058699,11442.335102
18:50:00,11442.62,11454.48,11442.61,11454.48,2.42644601,27774.822751,11446.709565
18:51:00,11449.22,11451.88,11445.4,11451.88,0.36651964,4196.2283354,11448.849877
18:52:00,11442.65,11454.27,11442.65,11454.27,4.0138781,45974.818444,11453.964794
18:53:00,11454.29,11459.31,11448.02,11459.31,6.03935669,69191.534245,11456.772268
18:54:00,11454.41,11454.41,11454.41,11454.41,4.97335069,56966.797877,11454.41
18:55:00,11457.99,11457.99,11449.36,11449.93,0.33278308,3812.682309,11456.959618
18:56:00,11458.38,11459.86,11445.08,11445.08,2.69999765,30930.757292,11455.846005
18:57:00,11445.55,11451.04,11443.56,11451.04,0.13134509,1503.7203222,11448.622268
18:58:00,11442.93,11447.61,11442.93,11447.61,0.01488017,170.30668268,11445.21082
18:59:00,11456.32,11456.37,11448.52,11456.37,0.12625096,1445.992223,11453.316656
19:00:00,11445.26,11453.13,11445.26,11453.13,2.81237392,32193.478552,11447.083307
19:01:00,11447.12,11453.42,11447.12,11453.42,0.97550631,11172.637908,11453.168261
19:02:00,11453.42,11458.18,11452.02,11458.17,2.95454544,33840.185928,11453.601447
19:03:00,11450.77,11456.72,11448.95,11448.95,0.66026177,7560.4640138,11450.706912
19:04:00,11448.38,11455.77,11447.79,11452.74,0.21924391,2511.4687874,11455.135914
19:05:00,11453.83,11458.49,11447.46,11458.49,0.34471885,3949.2424612,11456.415746
19:06:00,11458.49,11458.49,11451.3,11453.9,0.0533729,611.47061748,11456.574731
19:07:00,11464.32,11467.55,11457.62,11461.09,2.19717897,25193.210813,11466.162364
19:08:00,11455.28,11460.06,11455.28,11460.06,0.02413224,276.48886562,11457.240008
19:09:00,11462.27,11468.41,11457.93,11468.41,0.45620621,5229.1644934,11462.282579
19:10:00,11462.81,11473.99,11462.81,11473.99,2.41855152,27738.226845,11468.941892
19:11:00,11471.35,11471.35,11463.4,11468.57,0.37137873,4259.251586,11468.754783
19:12:00,11459.19,11468.46,11459.19,11468.46,0.81235422,9313.7111733,11465.08622
19:13:00,11463.08,11463.08,11453.28,11462.94,0.0569231,652.13104099,11456.351481
19:14:00,11455.85,11463.13,11455.85,11463.13,0.1522448,1745.0027084,11461.821412
19:15:00,11463.13,11466.67,11458.94,11459.71,0.08922696,1022.736751,11462.194285
19:16:00,11466.67,11469.69,11459.71,11469.69,0.04284985,491.35226037,11466.837349
19:17:00,11470.23,11471.79,11461.76,11465.17,0.23852215,2735.7225059,11469.469422
19:18:00,11464.49,11471.79,11462.07,11462.07,0.03616062,414.7258138,11468.990681
19:19:00,11470.48,11471.79,11462.07,11471.79,1.77718645,20387.062863,11471.538545
19:20:00,11464.97,11471.74,11464.97,11471.69,0.28128211,3226.562344,11470.912046
19:21:00,11472.0,11475.64,11466.71,11474.62,2.36469066,27132.980949,11474.220035
19:22:00,11474.04,11478.59,11465.84,11473.61,1.08856533,12492.510016,11476.123364
19:23:00,11478.59,11484.48,11476.8,11478.64,3.30175703,37912.389815,11482.489314
19:24:00,11472.34,11480.77,11472.34,11478.38,0.50526808,5800.3426192,11479.732935
19:25:00,11472.03,11479.14,11470.64,11478.43,0.06461902,741.49030112,11474.799542
19:26:00,11469.83,11470.97,11465.29,11470.97,1.06506665,12212.125317,11466.066764
19:27:00,11470.0,11472.66,11464.2,11464.2,0.13283938,1523.4571463,11468.415061
19:28:00,11471.88,11471.89,11463.78,11463.78,0.02129211,244.15901039,11467.112014
19:29:00,11471.61,11471.61,11462.45,11462.45,0.38611955,4429.0439849,11470.654581
19:30:00,11461.38,11467.89,11459.07,11459.07,1.73659849,19913.005349,11466.672039
19:31:00,11459.1,11463.42,11459.1,11459.1,0.63416216,7267.1453608,11459.443371
19:32:00,11463.54,11463.59,11456.77,11463.39,0.22982286,2634.4851046,11463.111653
19:33:00,11455.08,11463.28,11453.4,11461.71,0.57336359,6571.3822093,11461.108316
19:34:00,11461.61,11461.61,11451.08,11451.08,0.89888838,10294.753189,11452.76034
19:35:00,11458.36,11476.42,11458.36,11475.99,8.28843071,95020.531105,11464.236649
19:36:00,11475.99,11478.59,11471.75,11471.75,0.76816705,8814.1761741,11474.296085
19:37:00,11470.63,11478.59,11470.63,11478.59,0.09477102,1087.5593983,11475.653615
19:38:00,11478.74,11486.38,11477.0,11477.0,1.50059587,17234.577356,11485.155798
19:39:00,11486.07,11491.69,11481.41,11491.69,1.60803641,18471.209629,11486.810569
19:40:00,11485.96,11485.96,11480.58,11480.58,1.61144257,18504.809324,11483.381207
19:41:00,11485.48,11487.39,11479.61,11479.61,0.2996233,3440.0929544,11481.393317
19:42:00,11485.48,11485.48,11479.42,11479.42,0.04941255,567.48991229,11484.732366
19:43:00,11479.42,11486.35,11479.42,11479.45,0.98450924,11305.786041,11483.676924
19:44:00,11479.46,11485.48,11479.05,11485.48,1.2497577,14346.56357,11479.476038
19:45:00,11479.03,11491.04,11479.03,11491.04,4.67587068,53704.172823,11485.384541
19:46:00,11483.35,11488.72,11480.87,11486.63,1.30115557,14942.613619,11484.109943
19:47:00,11480.98,11487.53,11480.35,11480.49,0.53938666,6195.3297761,11485.87875
19:48:00,11480.49,11480.49,11476.55,11477.12,0.90415985,10377.975175,11478.031429
19:49:00,11480.91,11480.91,11479.17,11479.17,4.45570449,51153.223678,11480.389643
19:50:00,11479.17,11480.55,11474.0,11479.34,4.87152461,55921.262244,11479.211688
19:51:00,11473.4,11478.59,11472.76,11472.76,0.34659634,3978.050753,11477.474785
19:52:00,11472.85,11480.24,11471.58,11471.58,0.35964417,4126.1246751,11472.797335
19:53:00,11475.24,11479.47,11475.24,11475.31,0.33500442,3845.1058201,11477.776383
19:54:00,11475.24,11477.57,11475.24,11477.57,0.75793491,8697.4985004,11475.257817
19:55:00,11469.74,11477.4,11465.51,11476.73,2.13914706,24546.169053,11474.745945
19:56:00,11475.55,11475.99,11467.21,11468.97,0.55654979,6383.0053853,11468.884725
19:57:00,11466.72,11473.92,11466.72,11469.44,1.06713151,12242.525882,11472.368464
19:58:00,11466.72,11466.72,11466.72,11466.72,0.00842522,96.609638678,11466.72
19:59:00,11467.94,11473.82,11467.84,11467.84,0.17449667,2001.8851113,11472.339909
20:00:00,11473.87,11473.87,11464.13,11468.46,0.05634919,646.33364679,11470.149736
20:01:00,11467.79,11467.79,11467.79,11467.79,0.04560474,522.98558132,11467.79
20:02:00,11467.79,11473.51,11467.79,11472.01,2.15322044,24704.551574,11473.303483
20:03:00,11472.02,11479.19,11472.02,11478.39,0.23400403,2685.8090418,11477.618748
20:04:00,11482.06,11490.64,11480.5,11490.64,0.33086373,3799.9893061,11485.058535
20:05:00,11483.34,11492.0,11483.05,11491.32,1.34613492,15464.391091,11487.994896
20:06:00,11483.05,11488.07,11483.05,11483.05,2.97500439,34165.984343,11484.347538
20:07:00,11483.27,11483.27,11472.34,11472.34,2.16750604,24879.381524,11478.344727
20:08:00,11483.21,11488.11,11478.88,11488.11,2.42208585,27823.748156,11487.515257
20:09:00,11484.52,11491.81,11484.42,11485.45,2.27053499,26077.404036,11485.136389
20:10:00,11485.45,11487.23,11476.73,11484.53,4.92350437,56549.902856,11485.70177
20:11:00,11479.69,11485.36,11476.65,11476.65,0.58318459,6693.0612606,11476.745743
20:12:00,11476.65,11476.65,11470.87,11470.87,0.93434114,10722.581505,11476.088386
20:13:00,11476.65,11479.79,11470.78,11470.78,0.084309,967.38372804,11474.264053
20:14:00,11471.12,11484.4,11471.12,11484.4,0.7959552,9137.7445541,11480.224709
20:15:00,11486.5,11486.5,11477.75,11486.31,0.49190694,5649.6642379,11485.229783
20:16:00,11483.35,11493.0,11481.25,11493.0,0.91238662,10485.096907,11491.945056
20:17:00,11488.72,11491.37,11488.72,11491.37,0.18637226,2141.1977781,11488.822307
20:18:00,11489.05,11489.26,11489.05,11489.26,0.17587429,2020.6497019,11489.170486
20:19:00,11484.35,11484.45,11484.35,11484.45,0.22663074,2602.7114291,11484.370695
20:20:00,11484.56,11492.44,11484.56,11492.44,2.72225587,31284.856461,11492.254202
20:21:00,11484.55,11484.55,11484.55,11484.55,0.03592041,412.52974467,11484.55
20:22:00,11484.55,11489.35,11482.38,11489.35,0.03426309,393.57255206,11486.779274
20:23:00,11484.56,11484.56,11478.95,11479.52,0.15344911,1762.0321351,11482.843629
20:24:00,11486.7,11488.39,11479.62,11488.39,2.76142053,31718.17834,11486.181839
20:25:00,11488.39,11488.39,11480.56,11480.56,0.04843308,556.12629835,11482.364911
20:26:00,11488.17,11488.17,11477.37,11477.37,0.02019653,231.93193095,11483.751464
20:27:00,11474.8,11481.05,11473.47,11479.94,0.61772651,7091.6211014,11480.195502
20:28:00,11479.88,11479.97,11473.31,11473.31,0.1013932,1163.8539244,11478.619123
20:29:00,11474.58,11485.32,11474.58,11482.66,5.37303852,61698.036735,11482.894922
20:30:00,11485.74,11491.48,11483.14,11491.48,1.48668815,17078.174467,11487.3953
20:31:00,11491.48,11498.0,11490.55,11490.55,5.58256895,64166.186565,11494.024909
20:32:00,11489.83,11498.0,11489.83,11498.0,0.9533618,10954.003366,11489.870232
20:33:00,11490.3,11499.33,11490.3,11499.33,4.10956933,47253.035229,11498.293722
20:34:00,11490.87,11491.62,11490.87,11491.62,0.02019718,232.0887569,11491.14663
20:35:00,11491.62,11495.6,11485.33,11485.33,1.03880584,11939.085788,11493.086896
20:36:00,11492.37,11492.37,11485.67,11485.67,0.32307749,3711.0902555,11486.687777
20:37:00,11483.75,11483.75,11483.75,11483.75,0.03919355,450.08892981,11483.75
20:38:00,11492.16,11492.26,11484.42,11492.05,0.80218437,9218.6741511,11491.964311
20:39:00,11479.16,11487.81,11478.95,11482.16,0.44237785,5078.6983752,11480.453588
20:40:00,11489.28,11489.4,11483.9,11485.24,0.17447212,2004.4488837,11488.648637
20:41:00,11492.15,11492.37,11488.16,11488.16,0.38848292,4464.3181508,11491.671631
20:42:00,11487.72,11496.4,11487.72,11496.4,0.52654851,6052.1352435,11493.974683
20:43:00,11488.1,11496.52,11488.1,11488.1,0.04300921,494.12734419,11488.87283
20:44:00,11496.52,11502.37,11495.95,11495.95,1.32161254,15197.11033,11498.915053
20:45:00,11495.34,11499.26,11493.33,11494.1,0.42031327,4833.0152322,11498.602536
20:46:00,11503.05,11503.05,11496.95,11496.95,0.17126452,1969.9956232,11502.648787
20:47:00,11497.0,11510.74,11497.0,11498.71,8.10881857,93325.264617,11509.1075
20:48:00,11506.16,11506.16,11497.68,11501.92,0.30132698,3465.8508015,11501.95977
20:49:00,11501.92,11506.16,11501.92,11501.92,1.49882521,17239.38852,11501.933918
20:50:00,11499.5,11506.28,11497.11,11497.11,2.3740343,27314.945007,11505.707819
20:51:00,11506.16,11506.2,11499.85,11500.37,1.50120248,17271.555967,11505.147505
20:52:00,11500.74,11506.11,11497.66,11497.66,0.36357631,4181.4891206,11500.994442
20:53:00,11507.29,11507.29,11498.23,11498.23,0.09676255,1113.2171297,11504.627872
20:54:00,11497.66,11506.11,11497.66,11506.11,0.01559892,179.36934286,11498.830872
20:55:00,11497.66,11503.0,11497.66,11497.66,0.14794773,1701.5340876,11500.913786
20:56:00,11503.0,11506.95,11497.74,11498.4,0.80160078,9220.7222409,11502.885814
20:57:00,11498.4,11506.45,11498.4,11498.4,0.2218206,2550.9470915,11500.045945
20:58:00,11500.74,11506.16,11500.74,11506.16,0.0155093,178.41287094,11503.605639
20:59:00,11506.5,11516.03,11504.64,11516.03,1.92130978,22117.393544,11511.622839
21:00:00,11509.52,11517.9,11507.22,11517.9,6.57998286,75740.993565,11510.81928
21:01:00,11517.7,11518.0,11507.76,11518.0,0.43380771,4995.7608171,11516.071988
21:02:00,11507.87,11518.0,11507.77,11514.11,0.86403345,9948.4717076,11513.989079
21:03:00,11507.77,11514.11,11507.76,11514.11,0.26919844,3099.3130939,11513.116844
21:04:00,11507.77,11510.08,11502.27,11502.28,5.47357026,62985.697539,11507.241991
21:05:00,11502.27,11507.66,11497.0,11497.0,5.63942369,64877.618785,11504.299438
21:06:00,11489.89,11501.4,11486.25,11491.38,5.0122329,57596.265124,11491.139034
21:07:00,11501.3,11501.3,11490.94,11491.15,0.07332034,842.95117376,11496.825762
21:08:00,11491.15,11501.41,11491.01,11491.01,0.95055333,10932.361697,11501.050337
21:09:00,11501.53,11501.63,11490.92,11501.63,0.05153198,592.40973061,11495.962907
21:10:00,11496.38,11500.91,11496.38,11500.91,0.16014229,1841.7196039,11500.519968
21:11:00,11500.91,11500.91,11488.91,11488.91,1.06556888,12253.931941,11499.896601
21:12:00,11488.81,11498.03,11488.81,11498.03,0.24358501,2800.5911021,11497.386896
21:13:00,11497.28,11497.28,11485.48,11485.48,0.26291305,3022.3310835,11495.553695
21:14:00,11485.48,11491.78,11481.74,11491.56,0.13238716,1520.771466,11487.303346
21:15:00,11481.84,11484.7,11481.84,11484.7,0.1827228,2098.0542893,11482.170202
21:16:00,11484.7,11492.44,11484.7,11489.96,0.05836949,670.67288762,11490.127593
21:17:00,11487.4,11492.49,11487.4,11492.49,0.55031474,6324.3118725,11492.172411
21:18:00,11487.44,11495.31,11487.44,11495.31,0.31205545,3586.9896871,11494.718926
21:19:00,11495.31,11495.31,11487.76,11487.76,3.74914872,43084.489489,11491.805929
21:20:00,11487.76,11496.14,11487.76,11487.76,2.41329497,27743.462454,11496.092603
21:21:00,11497.68,11497.68,11489.65,11497.68,2.07876486,23893.027031,11493.857478
21:22:00,11490.88,11498.84,11490.88,11490.88,0.37232126,4281.0265184,11498.205927
21:23:00,11499.39,11499.39,11492.66,11492.66,0.34447308,3960.8540606,11498.297808
21:24:00,11499.39,11499.39,11491.15,11491.25,0.72201208,8297.6034499,11492.333272
21:25:00,11499.39,11501.77,11493.06,11501.77,0.47860445,5503.8577744,11499.804848
21:26:00,11495.89,11503.39,11495.89,11503.39,0.07983698,918.22158076,11501.206343
21:27:00,11503.39,11505.66,11500.35,11500.35,0.45503571,5234.8483437,11504.2583
21:28:00,11505.66,11505.66,11496.03,11504.85,0.05504254,633.00847249,11500.349956
21:29:00,11504.85,11505.65,11496.5,11496.5,1.07810022,12403.593273,11505.046602
21:30:00,11496.5,11505.44,11496.5,11500.0,1.07731241,12390.92097,11501.697051
21:31:00,11504.06,11504.16,11496.5,11496.5,0.99731114,11472.824721,11503.756712
21:32:00,11496.5,11496.5,11496.5,11496.5,0.40976364,4710.8476873,11496.5
21:33:00,11487.29,11494.9,11487.29,11490.0,1.32448832,15220.019635,11491.244887
21:34:00,11485.28,11485.28,11482.84,11482.84,0.35576087,4085.2287676,11483.075043
21:35:00,11482.74,11490.73,11479.62,11479.92,0.36745197,4219.9751638,11484.42656
21:36:00,11488.82,11488.83,11479.52,11479.52,0.59796478,6869.4251243,11488.009585
21:37:00,11488.47,11488.57,11478.89,11488.57,0.19444299,2233.399112,11486.138492
21:38:00,11478.89,11488.57,11478.89,11486.2,0.44688278,5132.9244079,11486.064439
21:39:00,11488.24,11488.24,11479.21,11479.31,0.05679579,652.0046124,11479.805324
21:40:00,11488.14,11488.14,11478.8,11486.0,1.00367915,11527.99551,11485.737758
21:41:00,11488.13,11488.23,11475.52,11475.52,0.26214651,3011.1807264,11486.6329
21:42:00,11475.52,11485.05,11475.52,11475.62,0.31624522,3630.7518132,11480.811673
21:43:00,11484.82,11484.82,11475.51,11483.19,0.32979919,3785.6448935,11478.636116
21:44:00,11474.17,11483.19,11474.07,11474.07,0.39860468,4576.5534185,11481.434233
21:45:00,11479.53,11479.53,11466.27,11466.37,3.90731178,44814.585083,11469.416214
21:46:00,11471.61,11477.05,11465.85,11465.95,4.60002813,52748.953145,11467.093603
21:47:00,11466.05,11475.84,11465.95,11471.0,1.71807247,19707.260719,11470.564288
21:48:00,11471.0,11476.59,11465.53,11469.36,2.51023133,28787.657718,11468.129401
21:49:00,11469.36,11477.76,11467.56,11477.76,2.83538361,32520.820551,11469.636925
21:50:00,11472.88,11481.7,11469.71,11480.86,4.03575162,46315.926564,11476.406609
21:51:00,11476.0,11476.0,11469.91,11469.98,0.78710679,9032.6139463,11475.715952
21:52:00,11469.99,11471.46,11469.99,11471.46,0.09360656,1073.7905313,11471.317088
21:53:00,11478.0,11478.0,11478.0,11478.0,0.03629241,416.56428198,11478.0
21:54:00,11481.19,11482.06,11466.39,11466.39,0.94437777,10840.953323,11479.466869
21:55:00,11466.39,11466.39,11466.39,11466.39,0.03973861,455.65840032,11466.39
21:56:00,11466.29,11466.39,11466.29,11466.39,0.01474484,169.06933296,11466.338933
21:57:00,11475.94,11475.94,11469.28,11469.28,0.03314447,380.18716288,11470.606194
21:58:00,11475.94,11480.56,11471.28,11480.0,0.81005728,9298.9697872,11479.397836
21:59:00,11479.99,11480.56,11469.87,11469.97,1.05217019,12077.313678,11478.479235
22:00:00,11469.87,11471.84,11461.63,11461.63,0.17007585,1950.8535828,11470.491447
22:01:00,11469.84,11470.18,11460.82,11460.82,1.24536322,14283.034061,11468.970523
22:02:00,11460.82,11460.82,11448.52,11448.52,0.5231697,5995.4932939,11459.939851
22:03:00,11454.68,11459.88,11454.68,11455.72,0.41653586,4771.9766638,11456.340551
22:04:00,11455.72,11461.32,11452.89,11461.32,0.02330948,267.06754963,11457.46493
22:05:00,11462.74,11475.74,11462.74,11467.63,1.82775573,20966.348421,11471.088875
22:06:00,11475.74,11475.74,11467.17,11467.17,0.79573938,9131.5370017,11475.537382
22:07:00,11471.66,11473.51,11462.56,11462.57,0.80909551,9282.0245899,11472.099987
22:08:00,11461.15,11461.15,11461.15,11461.15,0.02735518,313.52182126,11461.15
22:09:00,11470.26,11484.69,11470.26,11472.96,1.76003883,20198.074636,11475.925583
22:10:00,11477.34,11477.34,11469.63,11469.63,0.48824691,5603.7122063,11477.209771
22:11:00,11481.3,11483.84,11475.17,11475.17,1.60345185,18413.436429,11483.622928
22:12:00,11475.17,11483.73,11472.25,11472.25,0.05634139,646.54921283,11475.563752
22:13:00,11478.99,11478.99,11466.49,11466.49,0.10378718,1190.3804616,11469.436414
22:14:00,11471.52,11471.75,11460.06,11470.39,1.26570856,14519.519549,11471.4556
22:15:00,11463.66,11470.39,11450.61,11450.61,8.54655752,97926.797081,11458.039901
22:16:00,11450.61,11466.65,11450.61,11456.15,1.11225275,12749.80321,11463.044897
22:17:00,11465.21,11466.07,11454.24,11454.59,0.24775617,2840.1137224,11463.342053
22:18:00,11454.7,11454.81,11454.7,11454.81,0.03436844,393.68155012,11454.740166
22:19:00,11460.89,11466.48,11460.89,11466.48,0.63931973,7330.3173009,11465.808041
22:20:00,11463.0,11474.07,11463.0,11467.1,9.46653144,108562.42837,11468.025967
22:21:00,11467.1,11467.1,11463.8,11463.8,0.17160357,1967.4376286,11465.015726
22:22:00,11463.8,11465.64,11453.19,11454.11,2.99989943,34369.749461,11456.967229
22:23:00,11458.85,11458.85,11454.11,11458.85,0.93071224,10664.860135,11458.815815
22:24:00,11454.11,11459.49,11454.11,11454.24,6.95846502,79736.860603,11458.972686
22:25:00,11462.21,11462.89,11454.24,11461.91,0.38307903,4389.5411564,11458.578551
22:26:00,11452.69,11489.06,11452.69,11480.65,37.44303633,429548.97977,11472.065886
22:27:00,11479.54,11482.26,11471.71,11474.43,3.80785789,43694.078316,11474.713495
22:28:00,11463.31,11473.45,11462.7,11463.0,2.29163669,26268.649634,11462.833419
22:29:00,11457.95,11469.91,11457.95,11469.91,2.18428952,25042.045271,11464.618148
22:30:00,11460.22,11462.88,11452.56,11457.3,7.25277849,83104.289778,11458.269392
22:31:00,11462.63,11462.76,11455.12,11455.12,6.15809395,70567.95084,11459.38198
22:32:00,11455.02,11461.35,11440.0,11446.92,15.24566746,174539.38368,11448.458005
22:33:00,11446.92,11448.31,11446.92,11448.31,2.79841191,32033.902882,11447.172151
22:34:00,11440.39,11448.37,11440.39,11441.95,1.09535177,12539.675237,11448.080498
22:35:00,11449.81,11454.45,11444.49,11444.49,4.37475852,50093.016096,11450.464264
22:36:00,11444.49,11446.82,11444.02,11444.67,0.06701901,767.00970347,11444.658813
22:37:00,11456.0,11456.0,11450.02,11456.0,0.36906984,4228.0398633,11455.934365
22:38:00,11452.87,11465.29,11452.87,11458.88,0.06171768,707.05479409,11456.276291
22:39:00,11458.88,11468.0,11458.88,11468.0,2.79435148,32025.000876,11460.62015
22:40:00,11462.08,11463.0,11457.08,11457.08,0.60805991,6970.1040144,11462.85736
22:41:00,11462.08,11462.11,11461.19,11461.19,0.68586071,7861.1342564,11461.706644
22:42:00,11461.19,11465.35,11455.57,11455.57,0.08812513,1010.0310421,11461.328251
22:43:00,11465.09,11465.09,11458.66,11460.16,3.27612116,37544.303977,11459.986412
22:44:00,11450.62,11455.64,11444.41,11444.41,0.15468112,1771.5610159,11452.988031
22:45:00,11453.96,11453.96,11453.96,11453.96,0.06172851,707.0358844,11453.96
22:46:00,11444.21,11449.61,11444.21,11445.48,7.46512847,85471.745549,11449.467466
22:47:00,11445.38,11452.63,11445.38,11452.63,1.95095029,22343.310686,11452.526905
22:48:00,11445.49,11453.06,11444.21,11444.21,0.83434605,9552.6641388,11449.283111
22:49:00,11443.08,11443.08,11441.14,11441.14,0.65,7437.58878,11442.444277
22:50:00,11442.53,11448.84,11439.48,11440.16,1.24111566,14208.786977,11448.398755
22:51:00,11448.84,11448.84,11448.09,11448.11,3.09903732,35478.170334,11448.126199
22:52:00,11451.34,11458.09,11444.55,11449.32,11.40665549,130640.96855,11453.047624
22:53:00,11453.65,11453.65,11440.99,11444.75,0.77826759,8905.9313397,11443.27665
22:54:00,11443.82,11451.81,11443.82,11444.19,0.05672191,649.13452834,11444.158498
22:55:00,11449.98,11455.38,11449.64,11454.26,1.46342084,16755.863848,11449.791741
22:56:00,11454.26,11454.26,11446.79,11446.79,6.00009331,68714.501669,11452.238843
22:57:00,11446.91,11463.1,11446.91,11463.1,0.03527279,404.07753936,11455.786156
22:58:00,11451.08,11460.16,11450.42,11460.16,0.08532034,977.30700493,11454.5606
22:59:00,11446.62,11446.62,11446.62,11446.62,0.00750844,85.946259473,11446.62
23:00:00,11451.64,11452.42,11451.64,11452.42,0.05110215,585.21242516,11451.81612
23:01:00,11453.21,11461.0,11453.21,11461.0,0.79626478,9125.8918525,11460.875932
23:02:00,11456.23,11460.43,11444.22,11444.22,1.76860053,20255.39413,11452.780765
23:03:00,11444.21,11445.0,11442.96,11445.0,0.80592194,9223.7193878,11444.929006
23:04:00,11445.0,11452.25,11438.4,11440.64,0.51517563,5897.8401928,11448.212705
23:05:00,11444.18,11456.33,11444.18,11446.23,0.19504518,2232.7003601,11447.093233
23:06:00,11447.58,11469.75,11447.58,11469.75,1.46872021,16833.701135,11461.475794
23:07:00,11460.58,11471.04,11460.58,11470.94,0.42128197,4832.2851907,11470.429629
23:08:00,11461.16,11468.53,11459.15,11468.53,0.0877711,1006.1902923,11463.7995
23:09:00,11457.73,11469.01,11457.73,11469.01,0.63327298,7262.5315619,11468.247961
23:10:00,11460.6,11468.82,11460.49,11460.49,1.07794707,12354.240967,11460.897581
23:11:00,11456.28,11468.72,11456.28,11468.72,0.44237354,5073.3789788,11468.540769
23:12:00,11465.14,11470.37,11460.13,11460.13,0.73662269,8444.6462334,11464.005044
23:13:00,11460.43,11477.64,11460.43,11477.64,3.22882691,37051.08989,11475.093253
23:14:00,11471.33,11474.97,11467.16,11471.71,2.91501538,33447.546018,11474.226259
23:15:00,11466.74,11476.82,11466.74,11476.82,0.64807977,7437.6310218,11476.412883
23:16:00,11470.52,11478.59,11470.52,11478.59,0.07958009,913.19065646,11475.114648
23:17:00,11481.57,11481.57,11472.45,11478.71,0.89633569,10291.266718,11481.487162
23:18:00,11465.63,11477.74,11465.63,11477.74,0.84985543,9753.524302,11476.686455
23:19:00,11473.81,11483.93,11473.81,11483.93,0.0695739,798.83335844,11481.796456
23:20:00,11479.0,11487.07,11479.0,11487.07,3.54342139,40695.110346,11484.693991
23:21:00,11483.93,11483.93,11477.8,11477.8,2.64486,30365.131677,11480.808692
23:22:00,11471.12,11477.92,11471.12,11477.92,0.20042324,2300.141912,11476.423153
23:23:00,11469.02,11476.63,11469.02,11476.63,2.8911228,33178.060948,11475.839403
23:24:00,11473.72,11473.72,11468.69,11468.69,0.04490508,515.17104171,11472.444581
23:25:00,11468.0,11475.86,11467.4,11467.4,3.26031285,37401.353408,11471.706897
23:26:00,11468.76,11477.12,11468.76,11469.33,0.15230669,1747.485892,11473.467725
23:27:00,11469.33,11469.33,11469.33,11469.33,0.00724514,83.096901556,11469.33
23:28:00,11467.12,11467.12,11467.06,11467.06,0.05322521,610.33881938,11467.100259
23:29:00,11473.89,11483.34,11468.34,11482.73,6.94851029,79741.003044,11475.985458
23:30:00,11476.4,11484.2,11476.4,11484.2,0.31494507,3616.4707465,11482.861905
23:31:00,11479.94,11485.56,11479.94,11485.56,3.02624739,34756.892738,11485.145878
23:32:00,11483.0,11492.37,11483.0,11489.81,4.42850624,50878.564664,11488.877266
23:33:00,11484.8,11492.37,11483.35,11492.37,1.07018278,12298.206406,11491.687808
23:34:00,11483.26,11487.41,11483.0,11485.11,1.86796559,21452.35534,11484.341818
23:35:00,11483.0,11484.04,11476.4,11476.4,8.38488993,96262.540565,11480.477546
23:36:00,11472.28,11472.95,11472.28,11472.95,0.05328537,611.32304922,11472.624648
23:37:00,11472.28,11480.81,11472.28,11480.81,5.78309402,66394.153088,11480.732089
23:38:00,11474.83,11482.04,11474.83,11482.04,0.03340315,383.32659559,11475.761884
23:39:00,11480.0,11480.0,11470.01,11470.01,0.96365183,11061.530141,11478.762139
23:40:00,11478.59,11478.61,11470.01,11470.01,4.24017579,48671.064204,11478.548677
23:41:00,11470.68,11471.36,11470.68,11471.36,0.2114223,2425.287917,11471.296627
23:42:00,11471.36,11472.62,11471.36,11472.62,0.04151314,476.22543738,11471.679506
23:43:00,11478.59,11483.15,11477.79,11478.82,8.32546423,95573.77915,11479.693686
23:44:00,11485.48,11485.48,11474.76,11474.76,0.56923377,6535.9847308,11482.074809
23:45:00,11473.55,11476.99,11470.25,11476.41,2.76043346,31673.109674,11473.96238
23:46:00,11468.33,11476.02,11468.33,11469.93,0.04639597,532.16445537,11470.057752
23:47:00,11467.66,11474.63,11467.66,11474.5,0.02149208,246.5640752,11472.322604
23:48:00,11464.46,11464.56,11464.46,11464.56,0.06718013,770.18457719,11464.469884
23:49:00,11472.35,11472.35,11464.46,11468.02,0.55940197,6417.3320766,11471.772394
23:50:00,11463.21,11474.42,11463.21,11463.98,2.64036617,30287.902744,11471.099383
23:51:00,11459.99,11469.11,11459.99,11469.11,2.97350934,34103.391358,11469.071544
23:52:00,11464.99,11471.98,11462.0,11462.77,0.08146235,934.19932477,11467.866134
23:53:00,11465.54,11470.61,11462.78,11462.78,0.67526207,7740.6772589,11463.219397
23:54:00,11462.08,11468.81,11462.0,11465.0,3.09425409,35475.687436,11465.020778
23:55:00,11465.0,11467.78,11465.0,11467.78,2.41810951,27730.303624,11467.761699
23:56:00,11465.0,11478.59,11465.0,11473.01,6.405848,73484.575412,11471.482841
23:57:00,11473.71,11480.58,11469.93,11469.93,0.24233171,2781.6066556,11478.508758
23:58:00,11467.25,11481.13,11461.0,11461.0,5.4182095,62120.340557,11465.10495
23:59:00,11461.0,11471.71,11457.95,11469.3,11.08668092,127066.40743,11461.176555
